0 0.686815 0.263166 0.0350578 0.204915
0 0.749887 0.214379 0.0279255 0.159671
0 0.0944164 0.249203 0.0420167 0.218685
0 0.583547 0.296645 0.0387264 0.239273
0 0.713343 0.214202 0.0272813 0.159976
0 0.43532 0.320122 0.0381935 0.262849
0 0.593267 0.452806 0.0599615 0.355735
0 0.651747 0.49072 0.0697061 0.399461
0 0.521056 0.514381 0.065733 0.436495
0 0.0765077 0.701769 0.124963 0.592875
0 0.809799 0.198581 0.0256046 0.143636
0 0.447059 0.292833 0.0362592 0.243889
0 0.51397 0.286758 0.0358921 0.233766
0 0.522991 0.30766 0.0400569 0.254736
0 0.498841 0.250196 0.0305725 0.202817
0 0.944277 0.268423 0.0384417 0.197727
0 0.836745 0.195486 0.02542 0.138135
0 0.928097 0.199681 0.0279852 0.142407
0 0.546343 0.554708 0.0750973 0.476377
0 0.716505 0.167376 0.0205529 0.120739
0 0.986736 0.240805 0.0265274 0.177452
0 0.678932 0.137272 0.015333 0.0906881
0 0.529819 0.542549 0.0691064 0.471428
0 0.827935 0.195128 0.0255667 0.137694
0 0.939268 0.754756 0.120863 0.490301
0 0.719973 0.163134 0.0196022 0.117623
0 0.934219 0.196744 0.0261776 0.134863
0 0.965373 0.251191 0.0382397 0.182448
0 0.712848 0.161911 0.018926 0.120479
0 0.0381623 0.705575 0.0758374 0.588105
0 0.507638 0.262195 0.0328986 0.207097
0 0.732855 0.14925 0.0175103 0.102717
0 0.733887 0.165584 0.0203306 0.11867
