0 0.799959 0.756968 0.140912 0.485981
0 0.679575 0.262004 0.0352686 0.203377
0 0.581972 0.297302 0.038448 0.236876
0 0.747092 0.222163 0.0288357 0.167255
0 0.94117 0.321121 0.0488289 0.23933
0 0.0766169 0.250749 0.042354 0.218439
0 0.454698 0.315494 0.040917 0.258121
0 0.526558 0.309074 0.0395685 0.253844
0 0.8348 0.215556 0.0286766 0.152781
0 0.866301 0.212771 0.0284403 0.147496
0 0.521726 0.282198 0.0349759 0.231079
0 0.705741 0.227674 0.0292717 0.170396
0 0.398275 0.274922 0.0338953 0.225853
0 0.505494 0.246727 0.0282501 0.196811
0 0.446219 0.287998 0.0351907 0.242705
0 0.341743 0.333016 0.0436443 0.282656
0 0.676756 0.172203 0.0207939 0.127352
0 0.902034 0.20193 0.0268856 0.140411
0 0.913746 0.230779 0.0312838 0.165412
0 0.74272 0.178114 0.0233164 0.129591
0 0.348498 0.275426 0.0353908 0.226193
0 0.924528 0.189768 0.0253014 0.126446
0 0.757436 0.142464 0.0174176 0.0945886
0 0.746061 0.149061 0.0188583 0.0980147
0 0.919501 0.227181 0.0310757 0.166233
0 0.838291 0.172143 0.0216106 0.119756
0 0.00889647 0.325125 0.0177929 0.289293
0 0.740026 0.155757 0.0197461 0.106955
0 0.923804 0.2147 0.0289879 0.152061
0 0.752713 0.142762 0.0173528 0.0937609
