0 0.872689 0.286586 0.0410326 0.215832
0 0.171679 0.257399 0.0394341 0.224533
0 0.722057 0.226695 0.0294847 0.166837
0 0.234683 0.622219 0.092828 0.531888
0 0.761343 0.185133 0.0235677 0.133679
0 0.904521 0.194356 0.0257498 0.135121
0 0.678929 0.146791 0.0167751 0.102874
0 0.719578 0.181922 0.0228186 0.136371
0 0.924693 0.278932 0.0403465 0.206033
0 0.648929 0.150533 0.0170354 0.104891
0 0.624608 0.15046 0.0172766 0.109142
0 0.590605 0.145245 0.0165836 0.104729
0 0.951268 0.210536 0.0282129 0.13877
0 0.937852 0.20035 0.0273232 0.135586
0 0.937024 0.27083 0.0393381 0.205696
0 0.561663 0.151393 0.0169488 0.111743
0 0.558728 0.15266 0.0172222 0.112498
0 0.71582 0.177088 0.0219269 0.131993
0 0.566542 0.151075 0.0168367 0.111768
