0 0.0805741 0.25045 0.0416807 0.21832
0 0.716647 0.217 0.0278856 0.164211
0 0.750402 0.190164 0.0237463 0.138035
0 0.773713 0.755402 0.145455 0.489196
0 0.676841 0.262187 0.0352053 0.205865
0 0.381048 0.344488 0.0445231 0.287592
0 0.580501 0.297784 0.0386999 0.236183
0 0.525382 0.307716 0.0391214 0.256319
0 0.455492 0.316825 0.0408693 0.257616
0 0.333799 0.287643 0.0385738 0.247095
0 0.85585 0.223677 0.0300884 0.160638
0 0.505363 0.246412 0.0284657 0.195998
0 0.952909 0.326064 0.0496662 0.24366
0 0.520746 0.281857 0.0352369 0.230049
0 0.824939 0.17821 0.0228344 0.126048
0 0.396047 0.287441 0.035879 0.237386
0 0.448789 0.280387 0.0339929 0.223431
0 0.685384 0.172366 0.0213614 0.123575
0 0.923048 0.196562 0.0270746 0.140834
0 0.894453 0.22043 0.0304174 0.157419
0 0.931625 0.239276 0.0333832 0.174703
0 0.885357 0.212276 0.0286156 0.154249
0 0.764558 0.144092 0.0171627 0.093973
0 0.749219 0.147113 0.016905 0.0996155
0 0.882432 0.198273 0.0265934 0.142067
0 0.753146 0.14916 0.0181009 0.100532
0 0.829878 0.177926 0.0223358 0.126222
0 0.00894486 0.323734 0.0178595 0.294095
0 0.726401 0.140307 0.0159173 0.0941875
0 0.682481 0.154693 0.0192102 0.108292
0 0.679457 0.212884 0.0264956 0.15766
0 0.757096 0.145982 0.0181276 0.0966201
