0 0.670473 0.262435 0.0346391 0.202817
0 0.578831 0.297884 0.0389596 0.236873
0 0.711304 0.273066 0.0368646 0.209668
0 0.445246 0.292889 0.0355999 0.240659
0 0.941888 0.201591 0.0278397 0.14056
0 0.525333 0.308622 0.0398779 0.255608
0 0.906955 0.336303 0.0497707 0.251766
0 0.517165 0.282554 0.0353247 0.227458
0 0.504173 0.251207 0.0299134 0.201988
0 0.424686 0.323471 0.0402571 0.26982
0 0.880792 0.29873 0.04144 0.221348
0 0.740493 0.145919 0.0175894 0.100572
0 0.790609 0.158873 0.019503 0.109286
0 0.889645 0.295444 0.0445217 0.219832
0 0.761246 0.148694 0.017692 0.099925
