0 0.649297 0.265175 0.0346519 0.210213
0 0.611816 0.257816 0.0335449 0.204358
0 0.57745 0.298101 0.0381792 0.237358
0 0.888772 0.346214 0.0522633 0.264575
0 0.928209 0.25231 0.0356304 0.187609
0 0.492309 0.252005 0.0298157 0.198299
0 0.755594 0.237341 0.0315884 0.179997
0 0.867919 0.237122 0.0312708 0.178892
0 0.243067 0.243031 0.0330708 0.206161
0 0.51821 0.29229 0.0358658 0.239228
0 0.447985 0.316865 0.037492 0.259233
0 0.79576 0.169105 0.0210701 0.114598
0 0.805469 0.239466 0.0322422 0.175317
0 0.736344 0.151289 0.0178051 0.106114
0 0.853687 0.251131 0.0327 0.18298
0 0.451868 0.290615 0.0353832 0.239972
0 0.863603 0.252322 0.0350538 0.187418
