0 0.777311 0.192681 0.0244682 0.138199
0 0.888564 0.250259 0.0351112 0.180937
0 0.920343 0.201104 0.0273136 0.140336
0 0.663279 0.169124 0.020422 0.123023
0 0.734006 0.178591 0.0220577 0.128006
0 0.637208 0.167367 0.0196074 0.122092
0 0.819947 0.201982 0.0260605 0.146825
0 0.492667 0.211997 0.0246716 0.164248
0 0.720107 0.15669 0.0185885 0.111272
0 0.508274 0.209381 0.0243681 0.164211
0 0.839679 0.2099 0.0277864 0.150006
0 0.746047 0.150629 0.0175553 0.102399
0 0.82491 0.204208 0.0266638 0.147196
0 0.0397668 0.71421 0.0795337 0.566701
0 0.872993 0.207563 0.0282509 0.150348
0 0.699005 0.145507 0.0160875 0.0984527
0 0.879284 0.203985 0.0279827 0.143957
0 0.778898 0.156557 0.0180914 0.110625
0 0.742397 0.149294 0.017576 0.101013
0 0.867795 0.207976 0.0275089 0.14923
0 0.677159 0.144409 0.0166361 0.0976818
0 0.818798 0.17214 0.0226616 0.111807
0 0.0283432 0.684554 0.0566809 0.571471
0 0.723822 0.160436 0.0182569 0.106912
0 0.862309 0.190065 0.0255913 0.134982
