0 0.579004 0.297823 0.0389156 0.237566
0 0.465645 0.316133 0.0375317 0.256681
0 0.679674 0.262803 0.0350452 0.201593
0 0.847476 0.197696 0.026115 0.139162
0 0.100355 0.246489 0.039954 0.213821
0 0.889455 0.319299 0.0462358 0.246854
0 0.940228 0.207752 0.0279186 0.147181
0 0.52591 0.30875 0.0392752 0.255021
0 0.796074 0.196438 0.0250271 0.144329
0 0.444885 0.290204 0.0355236 0.240368
0 0.762325 0.159926 0.0194911 0.109076
0 0.518057 0.283174 0.0350842 0.231352
0 0.682599 0.142861 0.0163767 0.0984689
0 0.824306 0.198389 0.0260349 0.141315
0 0.503945 0.246109 0.0291378 0.199671
0 0.73696 0.148427 0.0177318 0.10532
0 0.902749 0.284706 0.0412096 0.20947
0 0.663405 0.143844 0.0164866 0.0972156
0 0.068251 0.253985 0.0417376 0.218163
0 0.510985 0.25529 0.0319839 0.198343
0 0.895722 0.280814 0.0401894 0.207304
0 0.00846076 0.323986 0.0169215 0.290145
