0 0.584283 0.298282 0.0397699 0.240819
0 0.758418 0.754264 0.139393 0.491472
0 0.797078 0.45251 0.068239 0.356581
0 0.524478 0.309894 0.0390234 0.253017
0 0.670237 0.263001 0.0350246 0.20402
0 0.680536 0.206766 0.0261055 0.157352
0 0.432746 0.323323 0.0398283 0.266678
0 0.723208 0.178849 0.0219736 0.124701
0 0.758223 0.169931 0.021469 0.122789
0 0.443685 0.294516 0.036754 0.241016
0 0.094082 0.250228 0.0409098 0.221164
0 0.828715 0.165113 0.0208479 0.115229
0 0.520352 0.284333 0.0355656 0.228821
0 0.929742 0.194164 0.0270157 0.134715
0 0.623484 0.147274 0.016444 0.10498
0 0.500505 0.251971 0.031176 0.204199
0 0.0150365 0.324843 0.0300729 0.287425
0 0.786336 0.171506 0.0224206 0.121212
0 0.803767 0.171226 0.0223946 0.119981
0 0.906424 0.245755 0.0356579 0.18439
0 0.956434 0.329736 0.0498388 0.251276
0 0.900933 0.22265 0.0304695 0.16286
0 0.00971374 0.356045 0.0194275 0.344363
0 0.512826 0.288948 0.0349439 0.231571
0 0.697116 0.137739 0.0152258 0.0903339
