0 0.607762 0.256 0.0320828 0.199092
0 0.85941 0.310421 0.0457977 0.23902
0 0.682498 0.361418 0.0501062 0.296156
0 0.714791 0.292693 0.0392382 0.227816
0 0.578486 0.298452 0.0376886 0.232254
0 0.475386 0.585466 0.0749137 0.478306
0 0.802017 0.296992 0.04164 0.224605
0 0.447455 0.315587 0.0380644 0.26036
0 0.10683 0.279304 0.0456278 0.24554
0 0.519765 0.310668 0.0379007 0.252665
0 0.515392 0.282185 0.0345843 0.228689
0 0.496103 0.249692 0.0300853 0.194674
0 0.654788 0.264876 0.0355248 0.207097
0 0.785864 0.229212 0.030997 0.17747
0 0.863383 0.234906 0.032024 0.174195
0 0.825054 0.230773 0.0317871 0.168611
0 0.87879 0.223495 0.0303493 0.156539
0 0.779644 0.229399 0.0313486 0.17107
0 0.729257 0.21279 0.0268617 0.158138
0 0.747069 0.14596 0.0173961 0.0973194
0 0.712668 0.147005 0.0162537 0.0998556
0 0.743502 0.148306 0.0175323 0.10087
0 0.661793 0.265042 0.03445 0.207881
0 0.503509 0.253489 0.0307998 0.197205
