0 0.490467 0.632998 0.0851148 0.536242
0 0.68576 0.260041 0.0344925 0.200238
0 0.602406 0.685666 0.0860987 0.544158
0 0.692048 0.456995 0.0650664 0.366294
0 0.620727 0.418739 0.056562 0.344779
0 0.923672 0.394733 0.0608643 0.315024
0 0.453718 0.311203 0.0383411 0.253829
0 0.799757 0.367004 0.055117 0.292537
0 0.876778 0.252854 0.0365166 0.182955
0 0.521981 0.311228 0.0393906 0.254497
0 0.589111 0.274129 0.034934 0.222268
0 0.759964 0.486267 0.0709354 0.392992
0 0.65655 0.207718 0.0258933 0.158681
0 0.516158 0.2827 0.0358451 0.223174
0 0.808079 0.199948 0.0263164 0.147695
0 0.0954475 0.248042 0.0417128 0.217594
0 0.778386 0.574328 0.0893949 0.464613
0 0.734442 0.212342 0.0267448 0.157664
0 0.689912 0.20744 0.0260519 0.154279
0 0.596056 0.303017 0.0395812 0.244716
0 0.447515 0.288043 0.0348176 0.23672
0 0.760714 0.200613 0.0260261 0.146992
0 0.882864 0.206873 0.0294792 0.147805
0 0.850267 0.205817 0.0273907 0.146859
0 0.842369 0.197899 0.0253849 0.142603
0 0.939904 0.515493 0.0832865 0.388882
0 0.586647 0.173694 0.0202626 0.131454
0 0.67253 0.177955 0.0212774 0.124474
0 0.59858 0.515489 0.0707387 0.399477
0 0.890633 0.206684 0.0300446 0.149398
0 0.656964 0.186238 0.0243541 0.128795
0 0.738728 0.181933 0.0236471 0.126147
0 0.61408 0.457052 0.062179 0.387314
0 0.458025 0.284313 0.0342398 0.231143
0 0.763644 0.187909 0.0253487 0.137413
