0 0.774273 0.237406 0.0324501 0.176926
0 0.214917 0.26749 0.0395661 0.22872
0 0.737039 0.190844 0.0238124 0.140938
0 0.60215 0.154631 0.0175571 0.111949
0 0.520037 0.54126 0.0717811 0.451334
0 0.904795 0.287409 0.0436399 0.217113
0 0.785664 0.191042 0.0252428 0.141334
0 0.682816 0.154807 0.0173899 0.105577
0 0.950449 0.204206 0.0290043 0.140875
0 0.569778 0.150412 0.0167254 0.108697
0 0.923013 0.200267 0.0280182 0.145196
0 0.65566 0.158743 0.0186783 0.110015
0 0.647211 0.156894 0.0173903 0.109483
0 0.936589 0.204553 0.0282206 0.144944
0 0.644206 0.155195 0.0180468 0.111112
0 0.679582 0.154268 0.018088 0.108082
