0 0.580482 0.298037 0.0386316 0.238251
0 0.920263 0.324235 0.0471796 0.249666
0 0.679653 0.263197 0.0350648 0.201282
0 0.0679976 0.295544 0.0514136 0.276308
0 0.454686 0.31668 0.0393017 0.259787
0 0.770034 0.175562 0.0218438 0.125065
0 0.527083 0.31069 0.0394345 0.254394
0 0.514365 0.281201 0.0338375 0.228148
0 0.820751 0.179866 0.0225613 0.126124
0 0.648364 0.153781 0.0175783 0.110189
0 0.737511 0.174757 0.0219278 0.125062
0 0.50806 0.260504 0.032058 0.206773
0 0.845013 0.179008 0.022728 0.12555
0 0.941384 0.201064 0.0275061 0.135402
0 0.445524 0.292105 0.0345387 0.235467
0 0.881448 0.180138 0.0231363 0.126116
0 0.487706 0.217629 0.0244465 0.167677
0 0.965715 0.245431 0.0357643 0.167318
0 0.0868515 0.250053 0.0439037 0.22079
0 0.503436 0.250985 0.0292908 0.205916
0 0.934367 0.2834 0.0407856 0.203154
0 0.958301 0.287774 0.0429018 0.203098
