0 0.551595 0.311507 0.0404139 0.251818
0 0.489634 0.310316 0.038854 0.252258
0 0.101517 0.246952 0.0401977 0.214571
0 0.888624 0.252973 0.0351055 0.186131
0 0.805509 0.202867 0.0258511 0.145202
0 0.589097 0.275654 0.0348219 0.221136
0 0.725048 0.179425 0.0221819 0.131278
0 0.592343 0.304926 0.0401724 0.243871
0 0.900361 0.217074 0.0293306 0.153017
0 0.939974 0.254914 0.0341307 0.183613
0 0.692091 0.177498 0.0217936 0.133473
0 0.768467 0.211266 0.0278233 0.154629
0 0.656257 0.256377 0.0338778 0.200354
0 0.683636 0.262197 0.0350733 0.199158
0 0.785648 0.152794 0.0177074 0.103435
0 0.652242 0.242933 0.0314358 0.185206
0 0.659376 0.230564 0.0293377 0.182395
0 0.761151 0.207116 0.0265881 0.150146
0 0.743515 0.152742 0.017873 0.105119
0 0.808709 0.168208 0.0211857 0.115701
0 0.66202 0.262033 0.0341694 0.198195
0 0.603803 0.142102 0.0159716 0.099043
0 0.985529 0.240994 0.0289427 0.166945
0 0.718265 0.151604 0.0175709 0.102927
0 0.721018 0.156239 0.0194924 0.0981245
0 0.687307 0.233043 0.0316677 0.168954
0 0.671996 0.265894 0.0347425 0.20578
