0 0.584115 0.297267 0.0389694 0.240671
0 0.763005 0.753594 0.141376 0.492812
0 0.08977 0.250414 0.0413757 0.22212
0 0.838758 0.209311 0.0273983 0.152314
0 0.653183 0.20131 0.0244947 0.148915
0 0.529051 0.31187 0.0411119 0.250957
0 0.668986 0.26536 0.0343663 0.203261
0 0.653564 0.506315 0.074013 0.417694
0 0.911232 0.231969 0.0318798 0.171417
0 0.513168 0.285124 0.0355219 0.232845
0 0.749589 0.193281 0.0242715 0.138797
0 0.444277 0.290239 0.0358408 0.235474
0 0.0150991 0.323475 0.0301982 0.289463
0 0.433103 0.327804 0.041847 0.276808
0 0.764673 0.161599 0.0185958 0.112651
0 0.725644 0.160356 0.0189281 0.111227
0 0.497909 0.250215 0.0313523 0.203548
0 0.821787 0.163062 0.0200502 0.116255
0 0.640207 0.154947 0.0183367 0.108732
0 0.958608 0.326425 0.0493603 0.248196
0 0.750663 0.158286 0.0197582 0.110339
0 0.78754 0.161912 0.0201443 0.112157
0 0.0107357 0.325166 0.0213939 0.284863
0 0.906357 0.192323 0.026474 0.137091
0 0.795154 0.162212 0.0205344 0.113887
0 0.505502 0.26804 0.032515 0.214581
0 0.967797 0.263317 0.0384926 0.194392
0 0.798976 0.162461 0.020239 0.113389
0 0.424581 0.330052 0.0419722 0.275256
0 0.74716 0.160513 0.0196468 0.10778
0 0.757633 0.159743 0.0193069 0.110923
0 0.754061 0.160027 0.020335 0.110842
