0 0.702306 0.256565 0.0341475 0.200984
0 0.42743 0.326024 0.0388708 0.270705
0 0.765229 0.34294 0.048674 0.272668
0 0.578335 0.297942 0.0389193 0.236941
0 0.880187 0.356695 0.0517708 0.273331
0 0.661303 0.259503 0.0339186 0.202256
0 0.948787 0.396129 0.0624796 0.313372
0 0.526897 0.307907 0.0399176 0.253241
0 0.516857 0.283821 0.0357234 0.229259
0 0.939274 0.204014 0.0274611 0.139859
0 0.447949 0.294934 0.0356025 0.24134
0 0.677396 0.171473 0.0200821 0.125138
0 0.504394 0.24899 0.0308743 0.202946
0 0.869615 0.163379 0.0203869 0.111339
