0 0.584624 0.298318 0.0397251 0.240124
0 0.666382 0.261744 0.0347351 0.205228
0 0.434941 0.319829 0.0381502 0.261481
0 0.862283 0.24746 0.0351891 0.181254
0 0.896488 0.217897 0.0294407 0.154523
0 0.0887567 0.249458 0.0416259 0.215607
0 0.52752 0.311966 0.0404924 0.252161
0 0.73992 0.520305 0.077006 0.425747
0 0.709017 0.457878 0.0660259 0.376133
0 0.822131 0.255061 0.0348839 0.191447
0 0.0167469 0.325126 0.0334937 0.287385
0 0.718423 0.166089 0.0200909 0.117661
0 0.940658 0.202584 0.0277531 0.139236
0 0.392374 0.206534 0.02408 0.16446
0 0.444645 0.295043 0.0359534 0.242336
0 0.513762 0.286607 0.0356157 0.230707
0 0.802834 0.228865 0.0302526 0.171081
0 0.498818 0.250868 0.0303734 0.200711
0 0.430165 0.207212 0.0244821 0.168394
0 0.799867 0.161441 0.0198344 0.109003
0 0.825984 0.173581 0.0231819 0.121357
0 0.987789 0.212808 0.0243376 0.145763
0 0.83081 0.171013 0.022032 0.119674
0 0.71148 0.147507 0.0178282 0.0990318
0 0.740968 0.143127 0.0161735 0.0951661
0 0.530531 0.878322 0.219439 0.242224
0 0.808966 0.169782 0.0214003 0.115163
0 0.805619 0.166821 0.0204502 0.113596
0 0.713685 0.155911 0.0185574 0.107348
0 0.00987718 0.32541 0.0194014 0.285208
0 0.986057 0.234971 0.027886 0.171289
