0 0.579087 0.298236 0.0387703 0.238549
0 0.444472 0.290075 0.036471 0.242816
0 0.701709 0.273722 0.0367462 0.210444
0 0.668922 0.259219 0.0340166 0.202587
0 0.896871 0.328305 0.0472713 0.248796
0 0.941587 0.205915 0.0282225 0.14686
0 0.525556 0.307396 0.0396401 0.257249
0 0.516815 0.282779 0.0354967 0.229188
0 0.416558 0.325101 0.0418418 0.273438
0 0.504481 0.251676 0.0298935 0.20337
0 0.771168 0.154439 0.0180009 0.103565
0 0.810526 0.155181 0.0184429 0.105105
0 0.928649 0.30321 0.043882 0.224169
0 0.7301 0.150778 0.0171391 0.105895
0 0.748654 0.152921 0.018214 0.10629
0 0.424469 0.32563 0.0431665 0.275145
0 0.967604 0.330768 0.0503712 0.25256
