0 0.686858 0.26417 0.034774 0.207073
0 0.590105 0.47049 0.0634563 0.386044
0 0.0210435 0.324147 0.0418022 0.28999
0 0.800107 0.672027 0.110794 0.585159
0 0.0914311 0.24795 0.041821 0.217847
0 0.730072 0.188926 0.0241557 0.137486
0 0.652598 0.461596 0.0671061 0.368826
0 0.584394 0.294619 0.038542 0.240389
0 0.435344 0.319642 0.0381598 0.262421
0 0.613744 0.178044 0.0211298 0.132116
0 0.824501 0.324272 0.0461998 0.249795
0 0.637476 0.564763 0.0817397 0.483032
0 0.513728 0.287847 0.0362065 0.233875
0 0.939972 0.201185 0.0280268 0.142216
0 0.522339 0.312227 0.0396384 0.254052
0 0.444701 0.293944 0.0368352 0.242835
0 0.666353 0.180911 0.0218079 0.130874
0 0.839214 0.164236 0.020319 0.110441
0 0.798476 0.164098 0.020195 0.112916
0 0.778309 0.166467 0.0204527 0.116163
0 0.749126 0.168446 0.0207291 0.121498
0 0.499257 0.192136 0.0220337 0.153353
0 0.499349 0.24879 0.0303272 0.202063
0 0.828524 0.172981 0.021706 0.119687
0 0.763597 0.169861 0.0206596 0.12053
0 0.832361 0.166673 0.0206055 0.112983
0 0.759488 0.169954 0.0212835 0.118942
0 0.495778 0.186904 0.0222002 0.151857
0 0.744264 0.159811 0.0196817 0.114212
