0 0.617287 0.161485 0.0184792 0.116013
0 0.457562 0.20443 0.0224157 0.153901
0 0.789851 0.185264 0.0228623 0.132484
0 0.879721 0.250002 0.0345049 0.179719
0 0.846183 0.216033 0.0288099 0.157476
0 0.812445 0.216986 0.0283957 0.158454
0 0.656635 0.167038 0.0198187 0.118843
0 0.750984 0.206024 0.0265406 0.150641
0 0.934995 0.250238 0.0355755 0.184135
0 0.759736 0.179073 0.0222712 0.127618
0 0.941637 0.205958 0.0295425 0.147664
0 0.827964 0.187496 0.0236958 0.134859
0 0.934893 0.19787 0.0275036 0.139173
0 0.929844 0.198328 0.0272961 0.140725
0 0.82358 0.185614 0.0242523 0.133048
