0 0.924857 0.392376 0.0630249 0.308288
0 0.846443 0.21875 0.0293812 0.159219
0 0.66078 0.21072 0.0270531 0.15586
0 0.809691 0.215213 0.0284071 0.156814
0 0.67947 0.184604 0.0225475 0.135825
0 0.645297 0.18819 0.0229666 0.138617
0 0.904009 0.239075 0.0334957 0.17754
0 0.882456 0.186443 0.0249708 0.128241
0 0.763486 0.185315 0.0233406 0.133566
0 0.866983 0.249368 0.0353989 0.183826
0 0.126028 0.247589 0.0399899 0.218355
0 0.740351 0.200973 0.0260212 0.149549
0 0.719304 0.203047 0.0259344 0.15114
0 0.950352 0.206453 0.0286789 0.147137
0 0.086041 0.382162 0.0670942 0.328028
0 0.0708507 0.338544 0.0584705 0.301479
0 0.595614 0.147958 0.0167553 0.105137
0 0.718281 0.179525 0.0223488 0.128704
0 0.0798597 0.348942 0.0620028 0.299887
0 0.732845 0.155348 0.0186957 0.104275
0 0.720798 0.166559 0.0211578 0.117074
0 0.73114 0.177842 0.0219675 0.124641
0 0.651311 0.199024 0.0234865 0.14836
0 0.577861 0.151248 0.0171803 0.109954
0 0.574192 0.148974 0.0164743 0.107963
0 0.735573 0.177003 0.0225629 0.123512
