0 0.850047 0.265429 0.0360779 0.201132
0 0.619273 0.267319 0.0356049 0.216323
0 0.665042 0.273794 0.0367855 0.212599
0 0.57902 0.29853 0.0384674 0.23232
0 0.491071 0.252212 0.031204 0.202464
0 0.518847 0.290882 0.0365785 0.238906
0 0.913237 0.355383 0.0541906 0.274823
0 0.448908 0.316915 0.0378819 0.258361
0 0.771112 0.168716 0.0212683 0.119963
0 0.573928 0.183398 0.0215525 0.142248
0 0.522714 0.311337 0.0391106 0.259771
0 0.821459 0.192226 0.0251156 0.139754
0 0.903369 0.22365 0.0312138 0.158937
0 0.859073 0.222532 0.0303669 0.161039
0 0.924713 0.267796 0.038953 0.204558
0 0.377485 0.207965 0.0241692 0.164485
0 0.931434 0.271578 0.0409657 0.204052
0 0.512442 0.292026 0.0358233 0.240138
0 0.945373 0.259107 0.0370817 0.191956
0 0.451969 0.291711 0.0354937 0.242627
0 0.911715 0.243563 0.0367085 0.184896
