0 0.584329 0.29826 0.0399214 0.24051
0 0.772811 0.225854 0.0300498 0.164507
0 0.776346 0.456531 0.0674891 0.370807
0 0.435716 0.319495 0.0380564 0.262289
0 0.667898 0.262283 0.0349079 0.204409
0 0.525395 0.309687 0.0400778 0.252684
0 0.0888172 0.24838 0.0414793 0.215053
0 0.0169299 0.326535 0.0338599 0.286706
0 0.817558 0.519464 0.0785435 0.415641
0 0.930242 0.232413 0.0323704 0.164422
0 0.512715 0.284823 0.0356924 0.227939
0 0.836784 0.239058 0.0330463 0.177623
0 0.711091 0.163776 0.0201445 0.115341
0 0.408431 0.200174 0.0235301 0.159605
0 0.79956 0.163016 0.0193405 0.112696
0 0.443056 0.292265 0.0351811 0.233606
0 0.498573 0.249655 0.0309788 0.202394
0 0.944431 0.203804 0.0295551 0.144497
0 0.743573 0.142821 0.0165487 0.0962984
0 0.70795 0.158954 0.0194449 0.113116
0 0.835097 0.162064 0.0202766 0.108192
0 0.808892 0.162394 0.0197037 0.109394
0 0.727773 0.145629 0.0174507 0.0977066
0 0.441304 0.199202 0.0227882 0.162294
0 0.824982 0.249729 0.0332363 0.184387
0 0.506505 0.277352 0.0335529 0.229283
0 0.403705 0.198569 0.0228367 0.161677
0 0.831732 0.245166 0.0337658 0.177306
0 0.0114892 0.32543 0.0226321 0.286261
0 0.805117 0.162609 0.0205101 0.110462
0 0.803686 0.523363 0.0749229 0.419024
