0 0.608439 0.254029 0.031922 0.197414
0 0.646888 0.26275 0.0343559 0.203306
0 0.456887 0.315396 0.0402731 0.260788
0 0.922132 0.531188 0.0882832 0.40823
0 0.410399 0.36277 0.0443453 0.301012
0 0.777691 0.349088 0.049608 0.281602
0 0.767992 0.257625 0.0346672 0.193796
0 0.781366 0.515631 0.078691 0.41969
0 0.790022 0.226838 0.0301295 0.166398
0 0.504257 0.356707 0.0437365 0.291212
0 0.579406 0.299727 0.0392894 0.237285
0 0.822303 0.227669 0.0299873 0.166017
0 0.868901 0.277033 0.0405075 0.212475
0 0.523689 0.313725 0.0387037 0.258406
0 0.577583 0.571184 0.0806114 0.475087
0 0.350384 0.216991 0.02487 0.173354
0 0.446232 0.289961 0.0350914 0.237642
0 0.883419 0.215971 0.0313808 0.158032
0 0.390441 0.256851 0.030927 0.213906
0 0.499958 0.250395 0.0306919 0.200413
0 0.852302 0.240905 0.0327541 0.17908
0 0.383212 0.257116 0.0305444 0.214936
0 0.494008 0.24745 0.029147 0.200872
0 0.601969 0.536526 0.0752406 0.443418
0 0.373855 0.242754 0.0292578 0.196146
0 0.85977 0.208027 0.028643 0.149724
0 0.541629 0.515266 0.0730171 0.409969
0 0.377701 0.228102 0.0265571 0.180459
0 0.48703 0.231384 0.0274905 0.182626
