0 0.530747 0.339563 0.0441141 0.277186
0 0.698642 0.626022 0.0951468 0.516848
0 0.637213 0.176974 0.0204769 0.12675
0 0.889224 0.248828 0.0345249 0.186164
0 0.669399 0.173594 0.020469 0.122595
0 0.843066 0.195634 0.0257524 0.138812
0 0.705103 0.188946 0.0238794 0.1368
0 0.735658 0.189875 0.0236008 0.137526
0 0.73156 0.190735 0.0239935 0.138787
0 0.934 0.245993 0.0354389 0.177558
0 0.759661 0.152278 0.0178336 0.101818
0 0.945926 0.199144 0.0280209 0.140853
0 0.694484 0.149881 0.0170031 0.101668
0 0.939204 0.193428 0.0267237 0.132734
0 0.848032 0.191937 0.0248009 0.138081
0 0.664946 0.150399 0.0172819 0.104831
0 0.916879 0.22212 0.0305279 0.159072
0 0.716884 0.151066 0.0175291 0.105402
0 0.64879 0.14796 0.0161516 0.10518
