0 0.686823 0.264417 0.0345984 0.202701
0 0.0831267 0.249169 0.0414278 0.22183
0 0.805934 0.228172 0.030703 0.167981
0 0.836201 0.324296 0.0469986 0.24602
0 0.359984 0.310238 0.0410011 0.255923
0 0.5967 0.316715 0.0408777 0.250502
0 0.45716 0.291658 0.0373264 0.239542
0 0.103247 0.68914 0.123797 0.609262
0 0.773242 0.316265 0.0440758 0.242637
0 0.519665 0.312011 0.0390409 0.252912
0 0.048951 0.515651 0.0905324 0.438406
0 0.515632 0.278567 0.0338135 0.229914
0 0.731693 0.491746 0.0739067 0.39267
0 0.619216 0.147223 0.0173037 0.106958
0 0.658616 0.149088 0.0173926 0.104483
0 0.567818 0.151837 0.0176247 0.111348
0 0.684899 0.150775 0.0171819 0.10448
0 0.934098 0.203764 0.0269941 0.140722
0 0.760146 0.183808 0.023196 0.125467
0 0.74111 0.153784 0.0185322 0.104837
0 0.788101 0.168541 0.0200205 0.110723
0 0.719676 0.140685 0.0159758 0.0955072
0 0.937576 0.516337 0.0858778 0.404807
0 0.773739 0.159621 0.0195143 0.106741
0 0.769358 0.157655 0.0196419 0.105484
0 0.51162 0.260323 0.032381 0.218642
0 0.681854 0.150271 0.0177634 0.101272
0 0.764833 0.181701 0.0229359 0.128178
0 0.945466 0.634049 0.105385 0.5304
