0 0.686474 0.260661 0.0337376 0.203108
0 0.586736 0.742872 0.125816 0.512547
0 0.724676 0.406412 0.0585064 0.328906
0 0.641964 0.191308 0.0239259 0.142202
0 0.823302 0.221939 0.0300724 0.16248
0 0.59029 0.282701 0.0365973 0.227764
0 0.757434 0.179977 0.0226557 0.127862
0 0.236127 0.745738 0.122263 0.508092
0 0.423036 0.497894 0.0655715 0.419325
0 0.638871 0.408973 0.0575461 0.336547
0 0.733142 0.173687 0.0214627 0.124511
0 0.375383 0.476274 0.0598359 0.403711
0 0.926292 0.195286 0.0260759 0.136455
0 0.882262 0.202725 0.0262445 0.143691
0 0.515915 0.706607 0.102301 0.584295
0 0.806654 0.187075 0.0243477 0.134538
0 0.721293 0.829392 0.18075 0.341076
0 0.094016 0.251231 0.0425604 0.217533
0 0.596416 0.314884 0.0416161 0.256808
0 0.521001 0.301023 0.0381115 0.247241
0 0.456617 0.313525 0.0385447 0.260575
0 0.710232 0.685267 0.119143 0.585476
0 0.669715 0.191218 0.0238702 0.137531
0 0.841938 0.188647 0.0237347 0.132643
0 0.445389 0.283902 0.0346685 0.227551
0 0.677027 0.639049 0.0931227 0.561482
0 0.263422 0.652675 0.0905035 0.556675
0 0.49915 0.526874 0.0689257 0.443323
0 0.494594 0.203114 0.0234515 0.157569
0 0.703268 0.194855 0.0244852 0.147399
0 0.970426 0.249182 0.0358763 0.181603
0 0.654406 0.158181 0.0177908 0.10926
0 0.838251 0.184961 0.0240261 0.130699
0 0.831386 0.184592 0.0244993 0.13327
0 0.657981 0.156948 0.0179966 0.110644
0 0.699191 0.186548 0.0238037 0.137069
0 0.81094 0.187781 0.0248556 0.128406
0 0.491249 0.706446 0.0994059 0.586947
0 0.513788 0.524691 0.0704727 0.452889
0 0.64539 0.179491 0.0216857 0.131968
0 0.247718 0.680646 0.0918869 0.589937
0 0.717791 0.143734 0.0163626 0.0943737
0 0.64711 0.159864 0.0184267 0.112176
