0 0.0950259 0.249297 0.0430836 0.222119
0 0.58395 0.298447 0.0397272 0.241135
0 0.670028 0.262683 0.0345566 0.204528
0 0.724988 0.775153 0.154978 0.449694
0 0.332069 0.229264 0.028578 0.187146
0 0.901416 0.231517 0.0318022 0.170747
0 0.797638 0.233774 0.0314834 0.174782
0 0.362286 0.237291 0.0306329 0.19179
0 0.526593 0.310978 0.0394317 0.249995
0 0.513444 0.288766 0.0356331 0.232503
0 0.017204 0.324059 0.0344081 0.290855
0 0.389055 0.51691 0.0663733 0.43396
0 0.745155 0.180854 0.0228916 0.129942
0 0.423258 0.592966 0.0769802 0.497353
0 0.435261 0.31116 0.0382341 0.254837
0 0.499275 0.248482 0.0301115 0.200638
0 0.445522 0.292602 0.0355686 0.238678
0 0.962098 0.325225 0.0499519 0.237785
0 0.793614 0.16441 0.0202517 0.112413
0 0.820679 0.188606 0.0246536 0.136367
0 0.932042 0.239059 0.0346136 0.169255
0 0.935517 0.263034 0.0386253 0.190483
0 0.830329 0.1671 0.0211937 0.113702
0 0.959058 0.241952 0.0366669 0.178888
0 0.683159 0.141516 0.0157458 0.0945857
0 0.941206 0.228852 0.0337543 0.169038
0 0.947411 0.222764 0.0323019 0.163627
0 0.952328 0.228868 0.0339119 0.165569
0 0.815229 0.188793 0.0254192 0.138563
0 0.0109557 0.324848 0.0215896 0.288351
0 0.506074 0.272644 0.032376 0.223799
0 0.966426 0.25373 0.0365681 0.190798
0 0.942047 0.265274 0.0391022 0.189862
0 0.824021 0.181484 0.0231956 0.128383
0 0.697115 0.138326 0.0150299 0.0884395
