0 0.121233 0.246691 0.0406904 0.217714
0 0.674608 0.263148 0.0351786 0.207317
0 0.699574 0.219025 0.0284204 0.159183
0 0.862198 0.257793 0.0355171 0.189343
0 0.752862 0.226609 0.0305582 0.170062
0 0.87121 0.222533 0.0300375 0.164987
0 0.779442 0.225214 0.0306181 0.168887
0 0.818746 0.226017 0.0297623 0.167933
0 0.502677 0.227881 0.0266441 0.169502
0 0.497686 0.206731 0.0242025 0.152933
0 0.723497 0.158494 0.0193785 0.112867
0 0.750489 0.15513 0.0190086 0.108354
0 0.504402 0.204486 0.0238461 0.158998
0 0.866452 0.212807 0.02843 0.159353
0 0.726947 0.157821 0.0192955 0.112121
0 0.694533 0.222855 0.0279093 0.163241
0 0.864604 0.191325 0.0260801 0.138043
0 0.784406 0.149012 0.0174534 0.0994301
0 0.00500217 0.309365 0.0100043 0.283819
