0 0.678688 0.262607 0.0349562 0.20171
0 0.911421 0.32584 0.0485922 0.248812
0 0.0925496 0.247762 0.0436343 0.217802
0 0.464822 0.316093 0.0382096 0.258348
0 0.583414 0.298116 0.0386805 0.236124
0 0.526676 0.30891 0.0391363 0.255128
0 0.940398 0.202351 0.0279123 0.144435
0 0.445913 0.290449 0.0355221 0.241772
0 0.774374 0.1689 0.0212753 0.1207
0 0.209863 0.228791 0.0340487 0.195835
0 0.864298 0.218624 0.0303349 0.157517
0 0.83492 0.216837 0.0291842 0.156201
0 0.518234 0.284241 0.0355509 0.231394
0 0.636528 0.147917 0.0168736 0.105606
0 0.654051 0.14823 0.0173499 0.102754
0 0.88133 0.211834 0.0290417 0.154504
0 0.748514 0.158036 0.0187996 0.108256
0 0.505361 0.245692 0.0290704 0.198852
0 0.510582 0.256435 0.032159 0.198506
0 0.676824 0.133329 0.0150969 0.0851128
0 0.74319 0.154473 0.0181396 0.108117
