0 0.598641 0.31402 0.0417267 0.258541
0 0.454203 0.311518 0.0380599 0.253249
0 0.674858 0.652204 0.0919518 0.524428
0 0.750229 0.438809 0.0630535 0.354524
0 0.698624 0.213995 0.0274469 0.158978
0 0.552677 0.598763 0.0819645 0.502378
0 0.654175 0.549547 0.0731308 0.467923
0 0.590362 0.278542 0.0359364 0.221336
0 0.0964764 0.248752 0.0418047 0.217354
0 0.906208 0.258709 0.0381525 0.196714
0 0.670473 0.420748 0.0597052 0.357765
0 0.843705 0.358897 0.0555481 0.288716
0 0.518521 0.311124 0.0384682 0.252107
0 0.604716 0.185413 0.0215531 0.139034
0 0.815955 0.457475 0.0672586 0.379951
0 0.841016 0.549637 0.0881156 0.448656
0 0.812175 0.202123 0.0263163 0.145943
0 0.856956 0.206801 0.0284369 0.149808
0 0.450686 0.288252 0.0353973 0.236716
0 0.665438 0.214925 0.0272936 0.15656
0 0.511271 0.27902 0.0340153 0.229922
0 0.739734 0.21434 0.0273783 0.156805
0 0.734231 0.192695 0.024765 0.133175
0 0.831457 0.195058 0.0259613 0.136259
0 0.683781 0.258172 0.0328047 0.206964
0 0.777363 0.212887 0.0276536 0.157658
0 0.90619 0.212493 0.0302761 0.149169
0 0.676101 0.391679 0.0547783 0.320068
0 0.768174 0.194361 0.0258846 0.138813
0 0.82173 0.208253 0.0272516 0.152998
0 0.663274 0.196076 0.02459 0.137877
0 0.763689 0.193416 0.0244846 0.135886
0 0.668032 0.188723 0.0241318 0.134571
0 0.670402 0.219148 0.0289822 0.161413
0 0.663613 0.47073 0.0660271 0.373894
0 0.771218 0.207675 0.0265078 0.151808
0 0.90109 0.208964 0.0273056 0.147507
0 0.769871 0.172893 0.0224533 0.118258
