0 0.645074 0.262092 0.0339905 0.207445
0 0.338982 0.312813 0.041487 0.250818
0 0.804874 0.352555 0.0506559 0.274362
0 0.845661 0.354513 0.0547844 0.283792
0 0.232936 0.768478 0.148563 0.461034
0 0.578799 0.297033 0.0381981 0.236906
0 0.458314 0.314932 0.0381784 0.257662
0 0.0548968 0.72723 0.109192 0.544164
0 0.213604 0.306919 0.0461847 0.260607
0 0.523106 0.312193 0.0374728 0.254262
0 0.493705 0.253818 0.0300171 0.197228
0 0.0470312 0.319949 0.0542913 0.29259
0 0.908577 0.223913 0.0300552 0.155788
0 0.605665 0.252746 0.0319578 0.20242
0 0.43571 0.818363 0.163673 0.363275
0 0.531821 0.227197 0.0280658 0.178718
0 0.777354 0.229793 0.0307932 0.169929
0 0.446618 0.287943 0.0343151 0.227611
0 0.181004 0.253966 0.0397723 0.217995
0 0.798807 0.181254 0.0236445 0.124899
0 0.772635 0.175183 0.0220966 0.124996
0 0.891278 0.211622 0.0286198 0.147168
0 0.828012 0.230382 0.030677 0.171594
0 0.867275 0.209272 0.0283989 0.148125
0 0.600109 0.223526 0.0269045 0.170412
0 0.516969 0.285635 0.0353163 0.233715
0 0.528169 0.248853 0.0302983 0.19484
0 0.862118 0.215858 0.0290157 0.152362
0 0.847663 0.225989 0.0314085 0.165184
0 0.795433 0.190695 0.0253305 0.128376
0 0.78694 0.225845 0.030896 0.166817
0 0.0396832 0.76641 0.0793663 0.467179
0 0.453749 0.292559 0.0358456 0.232586
