0 0.687077 0.262959 0.0344203 0.202285
0 0.612604 0.738882 0.114663 0.521529
0 0.0885781 0.250022 0.043349 0.219307
0 0.788229 0.261573 0.0363198 0.20056
0 0.58877 0.303055 0.0406761 0.240522
0 0.870124 0.45128 0.0702259 0.363064
0 0.0823392 0.706981 0.127681 0.584811
0 0.452436 0.293912 0.0350578 0.240461
0 0.722583 0.799444 0.160615 0.400719
0 0.674068 0.695545 0.10787 0.594822
0 0.518155 0.640353 0.088834 0.536239
0 0.51428 0.291614 0.0365559 0.229529
0 0.657497 0.144245 0.0163284 0.100698
0 0.741834 0.260883 0.0365163 0.200094
0 0.623113 0.619509 0.0937622 0.510932
0 0.518179 0.313012 0.0387341 0.255719
0 0.433026 0.317994 0.0387821 0.260263
0 0.768004 0.158349 0.0191601 0.104913
0 0.90167 0.237005 0.0325684 0.173038
0 0.928109 0.236982 0.0323599 0.170991
0 0.704325 0.149228 0.0169638 0.105022
0 0.681964 0.144051 0.0163297 0.0971937
0 0.746557 0.194833 0.0248447 0.145312
0 0.725317 0.160306 0.0188528 0.113751
0 0.946831 0.401516 0.0626478 0.309938
0 0.498216 0.247471 0.0288371 0.197134
0 0.936313 0.200906 0.0279041 0.136629
0 0.50321 0.252103 0.0316895 0.200319
0 0.506834 0.27125 0.0324272 0.220066
0 0.728305 0.155071 0.0182131 0.109347
0 0.42582 0.317225 0.038076 0.260395
0 0.446576 0.300455 0.037458 0.246524
0 0.907798 0.240823 0.0339478 0.174044
0 0.764715 0.157617 0.0192101 0.107492
0 0.730886 0.147232 0.0172128 0.105154
0 0.943331 0.493328 0.080846 0.400216
