0 0.236514 0.274231 0.0402311 0.23505
0 0.798634 0.243261 0.0332699 0.182508
0 0.931102 0.28951 0.0424704 0.214711
0 0.748444 0.195596 0.0251045 0.145901
0 0.671657 0.518558 0.0739647 0.431027
0 0.572281 0.151587 0.0168352 0.108778
0 0.803608 0.192993 0.0257479 0.142654
0 0.9241 0.196965 0.0282591 0.138787
0 0.658072 0.161553 0.0186853 0.112964
0 0.686397 0.157538 0.0183174 0.111484
0 0.607657 0.150046 0.0169484 0.106711
0 0.78812 0.168258 0.0219278 0.113852
0 0.622193 0.154599 0.0179931 0.111428
0 0.950185 0.209921 0.0293877 0.145726
0 0.798753 0.19518 0.0256794 0.145692
0 0.938123 0.205356 0.0284294 0.146326
0 0.662226 0.159932 0.0185483 0.111074
0 0.790438 0.194171 0.0250955 0.147738
