0 0.672374 0.263396 0.034322 0.205413
0 0.837099 0.236307 0.0321095 0.175034
0 0.489016 0.31031 0.0392111 0.25301
0 0.101972 0.24568 0.0410691 0.215725
0 0.893914 0.236039 0.0322575 0.172059
0 0.546866 0.310148 0.0397381 0.255922
0 0.778824 0.191513 0.0238861 0.138312
0 0.592536 0.30428 0.0397287 0.243057
0 0.858984 0.198116 0.0264332 0.140218
0 0.948552 0.243968 0.0330187 0.170296
0 0.743668 0.19798 0.0252556 0.143291
0 0.624048 0.237136 0.0308693 0.189824
0 0.707604 0.173463 0.0209866 0.124826
0 0.573955 0.246247 0.0307922 0.194524
0 0.794341 0.163819 0.0200521 0.114177
0 0.665019 0.222246 0.0287294 0.168928
0 0.678597 0.164791 0.0192833 0.117711
0 0.727077 0.196873 0.0239257 0.142383
0 0.617128 0.233855 0.0293737 0.191657
0 0.584582 0.275937 0.0350575 0.224224
0 0.766537 0.146405 0.0162348 0.0951016
0 0.984432 0.254218 0.0311359 0.174521
0 0.731522 0.195198 0.0250537 0.1399
0 0.738746 0.197602 0.0255157 0.143524
0 0.718192 0.14915 0.0172865 0.103945
0 0.734635 0.153182 0.0183783 0.108124
0 0.738406 0.148734 0.0177803 0.100953
0 0.680797 0.155341 0.019505 0.104643
0 0.713037 0.159845 0.0185219 0.115081
0 0.69232 0.146592 0.0167145 0.100418
