0 0.35514 0.317851 0.0414723 0.257816
0 0.820686 0.341657 0.0508631 0.259688
0 0.870957 0.35708 0.0548851 0.282845
0 0.385119 0.739999 0.10939 0.519871
0 0.578675 0.297441 0.0385797 0.23947
0 0.228787 0.315024 0.0467218 0.2713
0 0.457372 0.315533 0.0392145 0.256862
0 0.494792 0.253516 0.0300402 0.196333
0 0.577939 0.772942 0.140722 0.453986
0 0.522486 0.311528 0.0371248 0.255513
0 0.562455 0.22795 0.028491 0.176786
0 0.645893 0.261323 0.0348225 0.20731
0 0.127032 0.70871 0.128039 0.582581
0 0.911588 0.229552 0.0312973 0.162263
0 0.634342 0.239467 0.0316786 0.186222
0 0.107546 0.307354 0.0514343 0.270247
0 0.610272 0.256148 0.0326973 0.199005
0 0.778716 0.229472 0.0302059 0.169996
0 0.109153 0.764697 0.162041 0.470072
0 0.845289 0.236622 0.0325939 0.179727
0 0.877948 0.224142 0.0326494 0.164882
0 0.450857 0.289642 0.0347065 0.232979
0 0.811337 0.18436 0.0239174 0.129473
0 0.213622 0.247701 0.0382504 0.208713
0 0.826133 0.224667 0.0288143 0.170712
0 0.51887 0.285548 0.0355267 0.232454
0 0.784354 0.182639 0.0242018 0.129496
0 0.628201 0.242068 0.031498 0.183778
0 0.639835 0.173085 0.0213779 0.124592
0 0.513066 0.29011 0.0338839 0.232202
0 0.868361 0.23729 0.0320736 0.173609
0 0.822984 0.18833 0.0238876 0.132445
0 0.783299 0.224673 0.0289396 0.172714
0 0.822113 0.208715 0.0278021 0.153428
0 0.524474 0.272851 0.0329934 0.214288
0 0.527225 0.891283 0.195779 0.216987
0 0.818561 0.184485 0.0244181 0.132233
