0 0.147521 0.153661 0.0542243 0.270403
0 0.82001 0.156624 0.0490345 0.290806
0 0.855988 0.0844729 0.0302414 0.168946
0 0.0742473 0.230826 0.0897362 0.409111
0 0.767859 0.0732806 0.0247715 0.146561
0 0.701401 0.0905813 0.0258607 0.170621
0 0.793937 0.0722016 0.0248192 0.144403
0 0.714092 0.0824472 0.0242136 0.16065
0 0.674013 0.0609424 0.017749 0.121502
0 0.66763 0.0593807 0.0181936 0.118536
0 0.707843 0.0841663 0.0254971 0.167142
0 0.826527 0.0680008 0.0254078 0.136002
0 0.817438 0.0691841 0.025876 0.138368
0 0.843423 0.0672636 0.0251011 0.134527
0 0.832486 0.0692072 0.024675 0.138414
0 0.0801488 0.166375 0.0636275 0.287989
0 0.810644 0.0720969 0.025598 0.144194
