0 0.166718 0.150749 0.0551349 0.269334
0 0.114715 0.162187 0.0617428 0.281344
0 0.85155 0.0876169 0.0293053 0.169138
0 0.31753 0.289775 0.0911028 0.488881
0 0.686681 0.0849952 0.0259004 0.16999
0 0.512392 0.147736 0.041471 0.289789
0 0.635832 0.0837944 0.0250317 0.167589
0 0.349771 0.117048 0.0394585 0.223568
0 0.112915 0.539086 0.225829 0.921828
0 0.598187 0.0839639 0.0249552 0.167928
0 0.386864 0.101214 0.0324968 0.198266
0 0.755322 0.0717837 0.0246883 0.142998
0 0.574224 0.506884 0.241463 0.985963
0 0.43121 0.0971672 0.0311823 0.193562
0 0.974546 0.0498823 0.0207092 0.0976246
0 0.502993 0.407825 0.108328 0.701776
0 0.8003 0.0723607 0.0247488 0.144721
0 0.814651 0.0760736 0.02577 0.147026
0 0.843544 0.0666092 0.0241306 0.133218
0 0.960187 0.0452792 0.0191097 0.0903036
0 0.0663619 0.526799 0.132724 0.939694
0 0.738027 0.0517263 0.0172411 0.103453
0 0.929646 0.0411418 0.0180756 0.0820555
0 0.712469 0.0531642 0.0173549 0.106328
0 0.855226 0.0778973 0.0279524 0.15528
0 0.719484 0.0522088 0.0183779 0.104418
0 0.841341 0.049537 0.0211411 0.099074
0 0.830381 0.0452135 0.0173174 0.0903673
0 0.706998 0.0530381 0.0186293 0.106076
0 0.741378 0.0514675 0.0190125 0.102935
0 0.837145 0.0454577 0.0190687 0.0907652
0 0.734399 0.0492761 0.0176341 0.0984557
