0 0.264399 0.229485 0.0754963 0.398796
0 0.403658 0.119769 0.0367693 0.231472
0 0.370345 0.149861 0.0477033 0.276641
0 0.856678 0.0859258 0.0292307 0.165259
0 0.706308 0.0780341 0.0243629 0.156068
0 0.769799 0.0750121 0.0256753 0.150024
0 0.789507 0.145087 0.042972 0.267344
0 0.453348 0.0862105 0.0264256 0.168767
0 0.738215 0.0798854 0.0259052 0.159771
0 0.477735 0.0856108 0.0258673 0.168234
0 0.811496 0.0755846 0.0258312 0.15101
0 0.525826 0.0858671 0.0256289 0.171734
0 0.578685 0.0684328 0.0204184 0.13672
0 0.836785 0.0689485 0.0245979 0.137897
0 0.853713 0.0716501 0.0262142 0.141453
0 0.881252 0.0469609 0.0197424 0.0939219
0 0.857852 0.0677362 0.0247639 0.135282
0 0.832134 0.0678959 0.0228134 0.135792
0 0.800498 0.0786757 0.0263279 0.157351
0 0.530707 0.0827158 0.0239332 0.165432
0 0.846032 0.0718405 0.0259293 0.143043
0 0.575106 0.0691144 0.0208462 0.138229
0 0.806314 0.0759569 0.0259217 0.151702
