0 0.25683 0.238231 0.0780572 0.417462
0 0.114096 0.162005 0.0640906 0.283231
0 0.419426 0.197261 0.0591291 0.345202
0 0.565723 0.481799 0.136613 0.845936
0 0.18137 0.245278 0.0867082 0.427329
0 0.883916 0.486225 0.149311 0.846094
0 0.5114 0.110744 0.0322552 0.218747
0 0.68772 0.084854 0.0254824 0.169693
0 0.367614 0.453887 0.136024 0.761135
0 0.753912 0.0696929 0.0239157 0.139386
0 0.61073 0.0728075 0.0219595 0.145195
0 0.798891 0.0715891 0.0251219 0.143178
0 0.649037 0.0712721 0.0219564 0.142544
0 0.844819 0.0809968 0.0282585 0.158035
0 0.702968 0.0557889 0.0189794 0.111578
0 0.882871 0.0528937 0.0233269 0.105787
0 0.911181 0.0564594 0.0235317 0.112894
0 0.163182 0.147623 0.0563493 0.264517
0 0.812935 0.0748841 0.0259984 0.148842
0 0.838596 0.0855491 0.0301224 0.169703
0 0.893894 0.0708727 0.0261932 0.141745
0 0.884513 0.0697314 0.0259308 0.139463
0 0.817272 0.0720809 0.0263618 0.143923
0 0.832224 0.0868133 0.0294224 0.168302
0 0.82234 0.0697072 0.0252243 0.139414
0 0.570219 0.191509 0.0488661 0.34247
0 0.830515 0.0640153 0.0240349 0.128031
0 0.411308 0.223053 0.0690422 0.392886
0 0.836471 0.0694355 0.0262478 0.138046
