0 0.216112 0.415232 0.136099 0.71119
0 0.682216 0.196245 0.0534782 0.376825
0 0.0721258 0.427879 0.144195 0.737004
0 0.146126 0.161414 0.0597818 0.281338
0 0.367665 0.10814 0.0345996 0.206918
0 0.494 0.120165 0.0346592 0.234622
0 0.440018 0.125075 0.0380738 0.241482
0 0.572671 0.093678 0.0267879 0.187356
0 0.736827 0.0643898 0.0213993 0.125411
0 0.762019 0.0632409 0.0228018 0.126377
0 0.525907 0.0980919 0.0282594 0.193861
0 0.650796 0.0735968 0.0225401 0.147194
0 0.0513683 0.203234 0.0862779 0.351354
0 0.416553 0.113644 0.0362141 0.222794
0 0.668964 0.100174 0.0299208 0.19789
0 0.0877073 0.30543 0.131923 0.506408
0 0.925476 0.798037 0.148551 0.403927
0 0.423736 0.120113 0.037487 0.229305
0 0.705629 0.042772 0.0172154 0.0854587
0 0.83813 0.0429976 0.0163868 0.0859034
0 0.676578 0.075378 0.0241732 0.150756
0 0.695468 0.074405 0.0232362 0.14881
