0 0.835392 0.398894 0.114891 0.707958
0 0.491737 0.180292 0.050739 0.339965
0 0.698524 0.0841302 0.0257484 0.16826
0 0.966148 0.377927 0.0671417 0.634504
0 0.807966 0.0785865 0.0281857 0.157173
0 0.533369 0.0942699 0.0278725 0.18854
0 0.437442 0.174826 0.0525766 0.329966
0 0.373837 0.291766 0.0921024 0.51818
0 0.30146 0.197316 0.0647306 0.353538
0 0.733145 0.0731715 0.0223578 0.146343
0 0.606304 0.0945967 0.0284296 0.189193
0 0.761518 0.0676693 0.0227722 0.13464
0 0.778913 0.0508875 0.0184883 0.101775
0 0.455833 0.108803 0.0332775 0.215106
0 0.495974 0.118395 0.034397 0.22822
0 0.757122 0.0692239 0.0217558 0.138448
0 0.785351 0.0506351 0.0180342 0.101104
0 0.371015 0.150916 0.0494637 0.285151
0 0.374365 0.186297 0.0572124 0.342788
0 0.394834 0.123246 0.0384701 0.237645
0 0.789149 0.0509238 0.0189772 0.101848
0 0.333405 0.192535 0.0606093 0.349239
0 0.400928 0.109172 0.0332914 0.211816
