0 0.114942 0.162868 0.061951 0.278966
0 0.851559 0.0888098 0.0287468 0.167867
0 0.165522 0.149623 0.054835 0.267247
0 0.687315 0.0854536 0.0254195 0.170388
0 0.509242 0.14952 0.0432773 0.287543
0 0.758019 0.073023 0.0243834 0.145757
0 0.344768 0.121419 0.0385982 0.22766
0 0.637446 0.0883102 0.0259172 0.174578
0 0.59495 0.0872932 0.0250839 0.173986
0 0.98941 0.0487045 0.0186489 0.0974089
0 0.281372 0.394571 0.113149 0.665562
0 0.382757 0.106253 0.0348407 0.210233
0 0.813698 0.0760601 0.0257996 0.145865
0 0.347311 0.546545 0.331623 0.90691
0 0.799137 0.0715228 0.0245541 0.143046
0 0.429114 0.10094 0.0317682 0.199745
0 0.854502 0.0716003 0.0255379 0.142252
0 0.843637 0.0675048 0.024457 0.133087
0 0.730947 0.051968 0.0177167 0.103936
0 0.646982 0.0577753 0.0176364 0.115551
0 0.940512 0.0415821 0.0177212 0.0831642
0 0.839978 0.0590912 0.0224264 0.118182
0 0.720157 0.0496663 0.0172882 0.0993326
0 0.835312 0.0462729 0.0179626 0.0925457
0 0.717021 0.0494233 0.0168451 0.0988466
0 0.62865 0.0576961 0.0183105 0.115284
0 0.966313 0.0431189 0.0186913 0.0862378
0 0.264406 0.486997 0.141101 0.831606
0 0.842724 0.0473997 0.0189697 0.0947993
0 0.839439 0.0490143 0.0188866 0.0980286
0 0.803111 0.0655526 0.0242018 0.131105
0 0.847991 0.0689278 0.0272285 0.134543
0 0.352007 0.561953 0.233201 0.868521
