0 0.252163 0.232136 0.0793124 0.420503
0 0.443451 0.210169 0.0622458 0.401519
0 0.384677 0.202959 0.0622416 0.379562
0 0.197355 0.20853 0.0716055 0.37291
0 0.887129 0.4958 0.152113 0.895164
0 0.698468 0.0834179 0.0263624 0.166836
0 0.348252 0.145453 0.046717 0.278259
0 0.628857 0.0944804 0.0282497 0.188961
0 0.780438 0.0785738 0.0263437 0.155236
0 0.515569 0.124643 0.0356272 0.245468
0 0.572803 0.234967 0.0642667 0.449244
0 0.74478 0.0715528 0.0241041 0.143106
0 0.814355 0.0482562 0.0180878 0.0965124
0 0.757786 0.0697096 0.0243527 0.138765
0 0.833503 0.0482699 0.0178497 0.0964071
0 0.554871 0.0934044 0.027973 0.186809
0 0.403926 0.117558 0.0375782 0.228343
0 0.471206 0.12479 0.0355768 0.242236
0 0.786381 0.0750387 0.0252068 0.148489
0 0.522462 0.0998674 0.0298237 0.198577
0 0.829672 0.0469382 0.0176588 0.0938764
0 0.475736 0.104502 0.0324319 0.207926
0 0.580537 0.092405 0.0279729 0.18481
0 0.463429 0.128339 0.0384434 0.252076
0 0.274183 0.119403 0.0413416 0.220622
