0 0.851208 0.0884525 0.0285484 0.168881
0 0.0651804 0.389037 0.129628 0.656027
0 0.319158 0.26615 0.0809045 0.465165
0 0.229296 0.279005 0.0946671 0.472232
0 0.130926 0.159971 0.0589416 0.277438
0 0.679664 0.209958 0.0522203 0.389796
0 0.748758 0.165522 0.0476247 0.313626
0 0.525619 0.151281 0.0396223 0.284672
0 0.987286 0.134374 0.0251675 0.248424
0 0.769325 0.0544066 0.0194325 0.108813
0 0.814159 0.0765271 0.0255611 0.147306
0 0.800818 0.0717153 0.0239767 0.14296
0 0.721752 0.0480481 0.0165856 0.0960963
0 0.61976 0.0737441 0.0224132 0.147488
0 0.853957 0.0706029 0.0255028 0.140356
0 0.689887 0.0936885 0.0275188 0.184465
0 0.836749 0.0676874 0.0233154 0.135375
0 0.747985 0.0513091 0.0190161 0.102618
0 0.991037 0.135115 0.0179252 0.243
0 0.718878 0.0478123 0.0164783 0.0956245
0 0.880678 0.0391803 0.0173996 0.0781979
0 0.765389 0.0533363 0.0182528 0.106673
0 0.893444 0.0391813 0.0167107 0.0783626
0 0.841407 0.0682722 0.0249775 0.136544
0 0.724879 0.0451503 0.0162157 0.0902901
0 0.752237 0.052665 0.0202231 0.10533
0 0.818988 0.0721204 0.0249123 0.144241
0 0.75513 0.0491474 0.0163494 0.0982948
