0 0.0677206 0.175166 0.06827 0.298227
0 0.150925 0.359569 0.137267 0.611714
0 0.27166 0.360385 0.123051 0.607079
0 0.666316 0.179295 0.0493016 0.338311
0 0.741702 0.0621806 0.0209687 0.124361
0 0.439742 0.117585 0.0360857 0.229504
0 0.522457 0.0930461 0.0270689 0.183738
0 0.491355 0.112673 0.0320021 0.222636
0 0.723642 0.0637033 0.0208523 0.127407
0 0.553726 0.0878173 0.0259899 0.175375
0 0.37639 0.105004 0.0335041 0.198811
0 0.642014 0.100345 0.029691 0.200691
0 0.905254 0.535833 0.189491 0.926019
0 0.130908 0.161745 0.0569116 0.277829
0 0.426558 0.106703 0.0326822 0.20714
0 0.651096 0.0750425 0.0225748 0.150085
0 0.636568 0.100271 0.0283228 0.200542
0 0.517698 0.0924492 0.0262733 0.184898
0 0.680492 0.0699056 0.0219126 0.139617
0 0.645762 0.0859567 0.0270287 0.170246
0 0.676751 0.0755237 0.0243716 0.151047
