0 0.853409 0.0879047 0.0281151 0.163073
0 0.750814 0.0986764 0.0295322 0.191529
0 0.716538 0.0845169 0.0258761 0.165757
0 0.404984 0.0927733 0.0305322 0.185547
0 0.809381 0.0764054 0.0255285 0.149507
0 0.651563 0.0585216 0.0180725 0.11703
0 0.777705 0.0955803 0.0297773 0.181897
0 0.552789 0.105717 0.0296097 0.210881
0 0.692926 0.0636639 0.0194168 0.127325
0 0.482373 0.10737 0.0312318 0.212281
0 0.837802 0.0675385 0.0233072 0.135077
0 0.533337 0.109853 0.0316702 0.218674
0 0.771326 0.0738708 0.0262083 0.146566
0 0.681457 0.0532415 0.0177507 0.106483
0 0.732706 0.066209 0.0218231 0.132418
0 0.728789 0.0654978 0.0218618 0.130996
0 0.842053 0.0673429 0.0243408 0.133619
0 0.755058 0.0743513 0.0248053 0.148703
0 0.854344 0.0699722 0.0246794 0.13874
0 0.476246 0.108399 0.0318308 0.20928
0 0.804348 0.0748263 0.0258101 0.149491
0 0.797892 0.0697996 0.0225082 0.139599
0 0.492387 0.0995162 0.0291405 0.19808
0 0.775608 0.0649301 0.0219591 0.12986
0 0.6847 0.0610245 0.0183313 0.122049
0 0.528096 0.11167 0.0296556 0.217829
0 0.792945 0.0694362 0.0233723 0.138749
0 0.542991 0.109668 0.0306036 0.213888
