0 0.0490795 0.309617 0.0981589 0.532438
0 0.85119 0.0880694 0.0291765 0.166216
0 0.508575 0.120687 0.0325942 0.225976
0 0.665086 0.223394 0.0596888 0.403967
0 0.711663 0.125282 0.0372852 0.244144
0 0.790484 0.0701168 0.0241795 0.140234
0 0.762567 0.0731291 0.0241264 0.144124
0 0.814408 0.0757164 0.0265816 0.146596
0 0.389387 0.17453 0.0521765 0.321267
0 0.854027 0.0739056 0.0270512 0.146019
0 0.531144 0.0740094 0.0209764 0.148019
0 0.379405 0.148884 0.0496533 0.277421
0 0.83564 0.0676836 0.0250286 0.134592
0 0.7546 0.0510297 0.01847 0.102059
0 0.712422 0.0503636 0.0176239 0.100551
0 0.831244 0.0669165 0.0248549 0.133833
0 0.763675 0.0536755 0.0211868 0.107351
0 0.819509 0.0733467 0.0259947 0.146532
0 0.757913 0.0534547 0.0218306 0.106432
0 0.700312 0.0823476 0.0238686 0.162307
0 0.393014 0.0971289 0.0306658 0.189223
0 0.713993 0.078802 0.0239912 0.157282
0 0.841912 0.068471 0.0242504 0.135988
