0 0.851202 0.0877169 0.0282543 0.167501
0 0.212072 0.270271 0.0935338 0.464502
0 0.101011 0.27719 0.0972361 0.493976
0 0.343496 0.546518 0.212828 0.905811
0 0.0401897 0.231061 0.0795826 0.409689
0 0.495892 0.17408 0.0486313 0.329695
0 0.762672 0.0723842 0.0242481 0.144768
0 0.415491 0.171346 0.0505248 0.318975
0 0.145339 0.218148 0.0777752 0.38542
0 0.686893 0.0849103 0.0252144 0.16979
0 0.376162 0.129051 0.0408084 0.24671
0 0.452103 0.0986789 0.0301901 0.197358
0 0.793649 0.071231 0.0246116 0.142462
0 0.812877 0.0751716 0.0255693 0.147506
0 0.431415 0.128565 0.0390094 0.243976
0 0.89936 0.0501251 0.0208862 0.10025
0 0.843597 0.0710988 0.0260429 0.141097
0 0.874458 0.0497127 0.0188852 0.0994254
0 0.798869 0.0714277 0.0235329 0.142855
0 0.74112 0.0501551 0.0174133 0.10031
0 0.677133 0.0528186 0.0178265 0.105637
0 0.727963 0.0485443 0.0172503 0.0970886
0 0.867122 0.0478657 0.0187273 0.0957314
0 0.40491 0.10184 0.0325127 0.201518
0 0.834541 0.0462463 0.0187632 0.0922711
0 0.877957 0.049741 0.0205332 0.099482
0 0.731406 0.049813 0.0178644 0.0996259
0 0.424252 0.130537 0.0441078 0.245832
0 0.843129 0.0453174 0.0180288 0.090417
0 0.682521 0.053598 0.0186039 0.107196
0 0.838805 0.0460151 0.0193939 0.0920302
0 0.74489 0.0497097 0.0177019 0.0994195
0 0.880754 0.0431566 0.0172411 0.0861257
0 0.839437 0.0664156 0.0239677 0.132831
0 0.843653 0.0510169 0.023312 0.102034
0 0.73497 0.0496489 0.0171952 0.0992978
