0 0.0844362 0.223282 0.0827488 0.384331
0 0.935632 0.177417 0.0633495 0.354835
0 0.228272 0.206085 0.0674227 0.355963
0 0.434267 0.146673 0.0425993 0.279782
0 0.698152 0.08399 0.025415 0.167842
0 0.0299081 0.203844 0.0595158 0.35223
0 0.315715 0.221536 0.0771481 0.399435
0 0.364735 0.168395 0.055157 0.321684
0 0.553282 0.152956 0.0418978 0.296261
0 0.497976 0.0889411 0.025996 0.176874
0 0.418059 0.0933471 0.0298321 0.186694
0 0.737843 0.0547829 0.0177433 0.109381
0 0.282088 0.17439 0.0549019 0.316727
0 0.269084 0.184521 0.0599497 0.330402
0 0.489813 0.0827563 0.0244864 0.165513
0 0.350549 0.173474 0.0541916 0.329782
0 0.733083 0.0552191 0.0189178 0.109749
