0 0.244993 0.333489 0.111215 0.566173
0 0.779668 0.269181 0.0753592 0.490971
0 0.151306 0.529988 0.262112 0.940024
0 0.851099 0.0885422 0.0287083 0.165137
0 0.985581 0.131914 0.0288216 0.23751
0 0.522325 0.133167 0.035329 0.250924
0 0.763127 0.0733162 0.0242011 0.144196
0 0.608607 0.0769567 0.0233009 0.153316
0 0.686987 0.0866686 0.0260874 0.169416
0 0.675459 0.14416 0.0388128 0.274927
0 0.814516 0.0737255 0.0257664 0.145311
0 0.855258 0.0697254 0.0253443 0.13871
0 0.839812 0.068718 0.0246525 0.135775
0 0.798721 0.0672401 0.0234409 0.133269
0 0.133967 0.155463 0.0615256 0.270732
0 0.794527 0.0647667 0.0237658 0.129533
0 0.779473 0.0497562 0.0182261 0.0995124
0 0.785458 0.0485624 0.0170266 0.0970834
0 0.762886 0.0485369 0.0176724 0.0970739
0 0.798149 0.052452 0.0194386 0.104904
0 0.769239 0.0626609 0.0218748 0.125268
0 0.766553 0.0485002 0.0171366 0.0970005
