0 0.280162 0.306034 0.0967395 0.52301
0 0.186474 0.325656 0.116136 0.542892
0 0.852026 0.0884562 0.0290337 0.168412
0 0.727885 0.228186 0.0614284 0.419696
0 0.985886 0.134025 0.0279411 0.239293
0 0.13031 0.159497 0.060645 0.276691
0 0.061366 0.539158 0.122732 0.900313
0 0.688214 0.084749 0.0262842 0.168793
0 0.814419 0.0759255 0.0255695 0.145166
0 0.526776 0.141224 0.0374062 0.262424
0 0.616792 0.0750757 0.0223669 0.149603
0 0.854197 0.0719111 0.0256245 0.141002
0 0.837198 0.0683256 0.0242819 0.135602
0 0.795547 0.0710405 0.0235537 0.141178
0 0.710501 0.15231 0.0422594 0.284237
0 0.765826 0.0552038 0.0195595 0.110408
0 0.760325 0.0717488 0.0234778 0.138991
0 0.790425 0.0555698 0.0205703 0.11114
0 0.748101 0.0504838 0.0176306 0.100968
0 0.800041 0.0718859 0.0237343 0.142028
0 0.731972 0.152888 0.0457877 0.278379
0 0.301454 0.123215 0.0415505 0.220167
0 0.74223 0.0549714 0.0207584 0.109943
0 0.739886 0.0766385 0.0239086 0.152261
0 0.842236 0.0686777 0.0246136 0.137205
