0 0.768696 0.270909 0.079398 0.501357
0 0.898918 0.280866 0.0876678 0.510725
0 0.350282 0.150029 0.0499308 0.280957
0 0.504632 0.137542 0.0407215 0.266429
0 0.669425 0.369061 0.0976926 0.636392
0 0.841304 0.0860443 0.0292744 0.168595
0 0.586117 0.0926194 0.0274349 0.185239
0 0.931135 0.512341 0.136582 0.781453
0 0.742689 0.0674804 0.0224375 0.131253
0 0.394153 0.105679 0.0344196 0.209757
0 0.449706 0.13801 0.0417574 0.267378
0 0.416327 0.093597 0.0310816 0.187194
0 0.471841 0.0965635 0.0299082 0.1917
0 0.724491 0.0550262 0.0185978 0.110052
0 0.69948 0.0876576 0.02533 0.171095
0 0.704544 0.052006 0.018162 0.104012
0 0.492427 0.0959022 0.029254 0.191804
0 0.736577 0.0641351 0.0217501 0.12827
0 0.729044 0.0571943 0.0200004 0.114134
0 0.455731 0.125913 0.0394485 0.242519
