0 0.148469 0.154304 0.0558074 0.269071
0 0.696844 0.0848906 0.0259311 0.167684
0 0.845782 0.0875281 0.0291716 0.166255
0 0.767822 0.073886 0.0241486 0.147772
0 0.795388 0.0703404 0.0238644 0.140231
0 0.661439 0.0832815 0.0251462 0.165921
0 0.812995 0.0754433 0.0259247 0.149233
0 0.853043 0.0655459 0.0254574 0.131092
0 0.834716 0.0677207 0.024939 0.135441
0 0.568842 0.0750008 0.0214686 0.149501
0 0.575496 0.0734871 0.02142 0.146974
0 0.536725 0.0726872 0.0218845 0.144693
0 0.821388 0.070975 0.0259411 0.14195
0 0.840726 0.0745352 0.0285028 0.1478
