0 0.699408 0.0835124 0.0251608 0.166957
0 0.061737 0.404387 0.122627 0.682735
0 0.246053 0.372456 0.122502 0.628673
0 0.937236 0.112295 0.0410135 0.220778
0 0.660157 0.118318 0.0330248 0.234842
0 0.905451 0.0968065 0.0357952 0.189024
0 0.361543 0.143916 0.0452353 0.262867
0 0.501431 0.11653 0.0343988 0.227023
0 0.56101 0.115713 0.0324072 0.229654
0 0.598189 0.114166 0.0322565 0.225678
0 0.872865 0.0427424 0.0184387 0.0854849
0 0.465684 0.104942 0.0307545 0.204674
0 0.513369 0.0849617 0.0253568 0.169839
0 0.473377 0.10553 0.0310591 0.201663
0 0.497915 0.100342 0.0300331 0.195322
0 0.903262 0.0412442 0.0197157 0.0824336
