0 0.085166 0.166101 0.0644593 0.289491
0 0.421127 0.187566 0.0549933 0.343897
0 0.604486 0.137034 0.037357 0.26149
0 0.130549 0.176766 0.0653878 0.308622
0 0.18455 0.152965 0.0543981 0.27359
0 0.486758 0.180779 0.0486922 0.336118
0 0.737137 0.167031 0.0468619 0.31645
0 0.649302 0.17545 0.0465537 0.325148
0 0.553237 0.17891 0.0477808 0.337924
0 0.963686 0.0559224 0.0213093 0.111845
0 0.712255 0.133377 0.0382987 0.253307
0 0.728315 0.170082 0.0461904 0.316571
0 0.51052 0.104991 0.0314752 0.209982
0 0.992478 0.058574 0.0147171 0.117107
0 0.469205 0.10705 0.0322212 0.205869
0 0.474037 0.12606 0.0353178 0.244605
0 0.428158 0.103179 0.0315208 0.203335
0 0.480397 0.128028 0.0393271 0.245844
0 0.42181 0.110218 0.0335728 0.210961
0 0.415797 0.109971 0.0345696 0.212432
0 0.994857 0.0585875 0.0102859 0.116363
