0 0.148184 0.153764 0.0554313 0.269315
0 0.784603 0.16374 0.0475388 0.305272
0 0.853642 0.0870524 0.028668 0.164202
0 0.812691 0.0671382 0.023806 0.133124
0 0.663831 0.0622964 0.0185291 0.124593
0 0.768573 0.0738953 0.0239381 0.147791
0 0.846 0.0666822 0.0237515 0.132269
0 0.0204047 0.248384 0.0407592 0.413405
0 0.701793 0.0891096 0.0258961 0.172397
0 0.648358 0.0599937 0.0174227 0.119987
0 0.795896 0.0640252 0.0220854 0.12805
0 0.856811 0.0675429 0.0246473 0.134257
0 0.711332 0.0858613 0.0249912 0.16792
0 0.706996 0.056011 0.018491 0.112022
0 0.703493 0.0573348 0.0189816 0.11467
0 0.696901 0.0889481 0.0258842 0.175115
0 0.69595 0.060663 0.01996 0.121326
