0 0.451204 0.165344 0.0485344 0.312027
0 0.505721 0.170436 0.0476277 0.319323
0 0.816513 0.364953 0.10845 0.662735
0 0.245205 0.328747 0.106216 0.560893
0 0.322531 0.189593 0.0624367 0.332878
0 0.699116 0.0814773 0.0249612 0.162955
0 0.816473 0.0821331 0.0293936 0.162881
0 0.723138 0.0715626 0.0234669 0.142852
0 0.386372 0.123668 0.0394489 0.23511
0 0.593565 0.0936143 0.0275759 0.187078
0 0.353272 0.150669 0.0491181 0.284339
0 0.760111 0.0683151 0.0226734 0.13663
0 0.774882 0.0504079 0.0181719 0.100816
0 0.928408 0.52233 0.142934 0.955339
0 0.483036 0.109189 0.0312551 0.218377
0 0.25098 0.196765 0.0683507 0.341766
0 0.527071 0.0830827 0.0240377 0.166165
0 0.489292 0.111006 0.0339323 0.218858
0 0.771749 0.0485965 0.0179795 0.097193
0 0.955237 0.412863 0.0895263 0.74561
0 0.445401 0.116254 0.036289 0.225518
0 0.518238 0.0949346 0.0285009 0.189869
