0 0.135916 0.21569 0.0789684 0.390587
0 0.799633 0.287956 0.0801352 0.500513
0 0.744011 0.196298 0.0566507 0.371509
0 0.0891493 0.161703 0.0632089 0.293411
0 0.577019 0.124345 0.0334767 0.242614
0 0.399463 0.252916 0.0723471 0.449119
0 0.532708 0.126467 0.0351887 0.243975
0 0.884547 0.0673358 0.0259113 0.134628
0 0.860049 0.0645691 0.0232664 0.12791
0 0.474946 0.126161 0.0365389 0.23848
0 0.628676 0.121525 0.0348571 0.240315
0 0.41962 0.127008 0.0390838 0.243937
0 0.518929 0.101372 0.0294724 0.201157
0 0.452152 0.0920743 0.0287046 0.182297
0 0.489125 0.0997399 0.0286787 0.198967
0 0.583646 0.0930041 0.0276705 0.186008
0 0.480408 0.113746 0.0337286 0.219914
