0 0.413858 0.214836 0.0634573 0.38219
0 0.313366 0.219008 0.0695245 0.384605
0 0.656854 0.389905 0.098701 0.664805
0 0.958395 0.105296 0.0370422 0.201207
0 0.918725 0.102931 0.0357456 0.197386
0 0.0960459 0.216209 0.078282 0.377481
0 0.181469 0.336663 0.109999 0.579998
0 0.692345 0.0855296 0.0263187 0.168462
0 0.845606 0.0867727 0.0292023 0.166323
0 0.0234147 0.20751 0.0468294 0.377555
0 0.794457 0.0699797 0.0232648 0.139389
0 0.76667 0.0734557 0.0245855 0.146763
0 0.154893 0.218606 0.0795646 0.38277
0 0.813091 0.0753082 0.0256607 0.150107
0 0.376617 0.100288 0.0314879 0.189833
0 0.55426 0.0735812 0.0217897 0.146581
0 0.483228 0.0832934 0.0257481 0.166587
0 0.454029 0.0882921 0.0269224 0.172119
0 0.85561 0.0681295 0.0253244 0.136259
0 0.8514 0.0757385 0.0266739 0.149196
0 0.181625 0.220259 0.0770304 0.385955
0 0.829977 0.0673442 0.0238747 0.134688
0 0.148469 0.160177 0.0637341 0.277722
0 0.821606 0.0703398 0.0253532 0.14068
0 0.834623 0.0669897 0.0239677 0.133979
