0 0.281944 0.274596 0.0873195 0.467076
0 0.110025 0.264774 0.0962762 0.451365
0 0.200268 0.265861 0.0866434 0.457102
0 0.14699 0.153256 0.0564942 0.267644
0 0.768226 0.0734517 0.0244141 0.146903
0 0.845397 0.0869563 0.0295944 0.166085
0 0.796562 0.0698704 0.0244864 0.139741
0 0.812476 0.0759439 0.0259748 0.146833
0 0.570671 0.0730586 0.0213833 0.146117
0 0.855976 0.0662908 0.0248457 0.132582
0 0.692919 0.0847182 0.0261873 0.165281
0 0.677065 0.0822596 0.0249693 0.163393
0 0.829924 0.06555 0.0249386 0.1311
0 0.849586 0.0777006 0.027401 0.152282
0 0.683159 0.0841193 0.0263224 0.167442
0 0.83501 0.065536 0.0241623 0.131072
0 0.824982 0.0670484 0.0258289 0.134097
0 0.817393 0.0702425 0.0260803 0.140485
0 0.0179216 0.304923 0.0358431 0.490698
