0 0.851623 0.0893608 0.0277166 0.165404
0 0.464393 0.223432 0.0641447 0.423363
0 0.360009 0.143695 0.0459457 0.271386
0 0.107028 0.163502 0.0613987 0.284894
0 0.403151 0.134964 0.0434174 0.262969
0 0.273098 0.16492 0.0556047 0.299798
0 0.167065 0.151134 0.0558643 0.273972
0 0.762958 0.0729746 0.0248718 0.145193
0 0.686661 0.0854823 0.0258175 0.170495
0 0.572918 0.112488 0.0316687 0.222409
0 0.626317 0.110698 0.0326355 0.219738
0 0.813615 0.0758099 0.0251741 0.145464
0 0.842428 0.0688234 0.0249149 0.137647
0 0.796794 0.0703775 0.023344 0.140028
0 0.707531 0.0581812 0.0190394 0.116362
0 0.737215 0.0541387 0.0183887 0.108277
0 0.855408 0.0681761 0.0244469 0.134438
0 0.431897 0.0870964 0.0277019 0.174193
0 0.786145 0.0453397 0.0167592 0.0905508
0 0.732533 0.0538022 0.0193796 0.107604
0 0.813453 0.0448004 0.0167545 0.0895452
0 0.760033 0.04278 0.0160977 0.0854152
0 0.782775 0.0445052 0.0169953 0.0890104
0 0.794845 0.0489779 0.0215145 0.0979558
0 0.74086 0.0439449 0.0162506 0.0877344
0 0.790861 0.0452399 0.0168554 0.0903296
0 0.724764 0.0552414 0.0186546 0.110483
0 0.848531 0.0723093 0.0272757 0.135847
0 0.721261 0.0528224 0.0177008 0.10555
0 0.838804 0.0599385 0.0227709 0.119877
0 0.832112 0.0448053 0.0178375 0.0893999
0 0.808964 0.0741957 0.0253418 0.144838
