0 0.755438 0.0881505 0.0279707 0.168677
0 0.853903 0.0880472 0.0286259 0.163946
0 0.609217 0.0900035 0.0258762 0.176526
0 0.717613 0.0846909 0.0261109 0.165712
0 0.651437 0.0916624 0.0255503 0.177485
0 0.793164 0.0688863 0.0233076 0.137028
0 0.823659 0.0693215 0.0240223 0.137393
0 0.734519 0.0658162 0.0206884 0.131632
0 0.482559 0.10727 0.0310542 0.207706
0 0.691666 0.0688001 0.020975 0.1376
0 0.552475 0.108257 0.0309898 0.210719
0 0.811867 0.0764743 0.0251657 0.150518
0 0.491942 0.101445 0.029295 0.198729
0 0.544263 0.108683 0.0304846 0.213215
0 0.856318 0.069666 0.0250616 0.137196
0 0.770315 0.0717519 0.0243361 0.143504
0 0.695691 0.0684398 0.0214029 0.13688
0 0.626687 0.0609189 0.0189075 0.121838
0 0.797575 0.0698563 0.022719 0.139713
0 0.765739 0.0726845 0.023642 0.142683
0 0.806098 0.0735194 0.0248991 0.143631
0 0.818149 0.0741279 0.0251915 0.146162
0 0.852058 0.0666304 0.0236584 0.132131
0 0.875327 0.0432856 0.0176928 0.0865427
