0 0.418022 0.320233 0.0842046 0.525955
0 0.222842 0.180123 0.0629885 0.313588
0 0.852128 0.0867846 0.0294262 0.169707
0 0.700752 0.0857121 0.0265984 0.168708
0 0.131053 0.160335 0.0594369 0.278579
0 0.319634 0.17101 0.0557623 0.313484
0 0.607832 0.117888 0.0341025 0.232649
0 0.964966 0.0637214 0.0259075 0.124719
0 0.0319268 0.308819 0.0637411 0.538244
0 0.814421 0.076098 0.0258793 0.148596
0 0.763656 0.0722201 0.0243997 0.144251
0 0.909644 0.0454148 0.0189762 0.089912
0 0.88741 0.0418974 0.018251 0.0837948
0 0.992772 0.0697308 0.0144567 0.135437
0 0.434367 0.127653 0.0387312 0.242358
0 0.789991 0.0705359 0.0247952 0.141072
0 0.292691 0.170062 0.0573592 0.308682
0 0.841488 0.0672772 0.0239923 0.133613
0 0.710682 0.0482976 0.0174489 0.0965952
0 0.529494 0.0720849 0.0217091 0.14417
0 0.855006 0.0708673 0.0254501 0.141073
0 0.713735 0.0480598 0.0170187 0.0961197
0 0.846171 0.0680876 0.0263151 0.135824
0 0.441064 0.124252 0.0379668 0.238298
