0 0.374034 0.241193 0.072756 0.421819
0 0.325106 0.203825 0.065609 0.369426
0 0.116342 0.301523 0.108373 0.519152
0 0.588825 0.251937 0.0646267 0.459835
0 0.249006 0.170101 0.0568245 0.30449
0 0.473667 0.249689 0.0686204 0.441973
0 0.853388 0.369648 0.126942 0.716601
0 0.557719 0.139272 0.0371889 0.266215
0 0.97876 0.125016 0.0422068 0.249028
0 0.79105 0.0482609 0.0194569 0.0965218
0 0.440103 0.162949 0.0496613 0.298848
0 0.445931 0.190842 0.0547283 0.349297
0 0.402525 0.138487 0.0418358 0.257284
0 0.747725 0.0461051 0.0175609 0.0922102
0 0.461258 0.126704 0.0383495 0.24277
0 0.874844 0.199236 0.0635704 0.392172
0 0.921041 0.351175 0.102631 0.683403
0 0.867634 0.0441845 0.0210823 0.088369
0 0.321958 0.143622 0.048379 0.263385
0 0.493287 0.124112 0.033853 0.243674
0 0.770186 0.040132 0.0157333 0.0801123
0 0.925961 0.244768 0.085276 0.474541
0 0.413321 0.113003 0.032377 0.219315
0 0.488178 0.146596 0.0403158 0.277576
0 0.344272 0.139183 0.045413 0.259718
0 0.469709 0.150581 0.0434061 0.283669
0 0.335111 0.138818 0.0441243 0.255339
0 0.871804 0.0499101 0.0216574 0.0998201
0 0.922313 0.124642 0.0422688 0.245022
