0 0.296277 0.194122 0.0605521 0.338712
0 0.183991 0.27812 0.0962017 0.471464
0 0.797969 0.316959 0.0890831 0.567124
0 0.930002 0.338172 0.101169 0.590696
0 0.148736 0.15339 0.0548391 0.265879
0 0.689625 0.0841089 0.0257469 0.168218
0 0.766715 0.0732217 0.0247581 0.146443
0 0.389389 0.103618 0.032805 0.196399
0 0.847804 0.0869618 0.0295843 0.169797
0 0.793443 0.0710514 0.0248443 0.142103
0 0.359099 0.10951 0.035474 0.206638
0 0.438873 0.0977466 0.029948 0.193114
0 0.561291 0.0734426 0.0219536 0.146409
0 0.830872 0.0668053 0.0242645 0.133611
0 0.811152 0.0743565 0.0255384 0.148246
0 0.835048 0.0680874 0.0247337 0.136175
0 0.824512 0.0676589 0.0244591 0.135318
0 0.840937 0.0824184 0.0274647 0.161831
0 0.816206 0.0722264 0.0260647 0.144453
