0 0.621252 0.310015 0.0832849 0.553102
0 0.357872 0.140953 0.0471765 0.266867
0 0.504218 0.130953 0.0396557 0.257333
0 0.872045 0.271228 0.0803104 0.478816
0 0.79262 0.506867 0.135868 0.81963
0 0.700182 0.0842665 0.025371 0.165328
0 0.762751 0.259313 0.0724641 0.479145
0 0.853192 0.085256 0.0297741 0.168653
0 0.444608 0.130671 0.0408257 0.257047
0 0.585145 0.0925459 0.026745 0.185092
0 0.391641 0.100974 0.0329865 0.200284
0 0.468322 0.0995536 0.0315516 0.199107
0 0.474033 0.108693 0.0331265 0.217385
0 0.726151 0.0669598 0.0223606 0.13392
0 0.413887 0.0948882 0.030099 0.189757
0 0.69474 0.0717218 0.0227015 0.143444
0 0.682054 0.0541842 0.0194594 0.1083
0 0.463125 0.0945813 0.0304275 0.188767
0 0.722526 0.0649778 0.0220288 0.129956
