0 0.423548 0.149199 0.0441805 0.279611
0 0.601637 0.192096 0.0516071 0.360729
0 0.506073 0.195127 0.0525544 0.365725
0 0.95033 0.133719 0.0474222 0.256622
0 0.313068 0.141287 0.0459548 0.257433
0 0.112096 0.54132 0.224193 0.917361
0 0.817388 0.0695824 0.0242214 0.138896
0 0.780921 0.0699629 0.0242397 0.139278
0 0.491989 0.100616 0.0310973 0.19965
0 0.683694 0.108725 0.0319443 0.212435
0 0.546986 0.132806 0.0360739 0.255043
0 0.928479 0.0500443 0.0201443 0.100089
0 0.0722796 0.237337 0.0887694 0.392375
0 0.758437 0.0910863 0.0294138 0.175506
0 0.336021 0.108521 0.0365874 0.211411
0 0.730547 0.0923311 0.030826 0.184662
0 0.699338 0.0805369 0.0260509 0.159012
0 0.868193 0.0406457 0.0174814 0.0812915
0 0.833581 0.0397485 0.0169918 0.0793785
0 0.725781 0.0867772 0.0284416 0.172802
0 0.499806 0.144097 0.0405081 0.268073
0 0.689563 0.105978 0.0333332 0.21127
0 0.420822 0.103107 0.0303142 0.201736
0 0.957211 0.066297 0.0274015 0.13003
