0 0.525566 0.149495 0.0423759 0.286767
0 0.485304 0.135975 0.0405778 0.262416
0 0.281986 0.151378 0.0504394 0.274107
0 0.424066 0.12889 0.0398716 0.24913
0 0.389545 0.144972 0.0451619 0.270191
0 0.744632 0.157897 0.045817 0.300232
0 0.322549 0.125037 0.0407166 0.229877
0 0.589617 0.110453 0.031651 0.218509
0 0.856327 0.0739479 0.0260029 0.14517
0 0.625226 0.159287 0.0447623 0.310115
0 0.688088 0.108157 0.031537 0.215023
0 0.834193 0.0687253 0.0245117 0.136903
0 0.767827 0.0714379 0.0243528 0.142876
0 0.800933 0.0714538 0.0241063 0.142908
0 0.707727 0.057099 0.0192564 0.114198
0 0.46461 0.085473 0.0253962 0.170946
0 0.735854 0.0756165 0.0242777 0.150971
0 0.813331 0.0762713 0.0251436 0.147311
0 0.683046 0.083988 0.0260578 0.167489
0 0.641146 0.0849993 0.024672 0.169999
0 0.808528 0.0746878 0.0253499 0.14872
0 0.668356 0.0539135 0.0192304 0.107827
0 0.469192 0.0858887 0.0264769 0.171777
0 0.701374 0.0569316 0.0199581 0.113863
0 0.615079 0.0662843 0.0209951 0.132569
0 0.379379 0.132666 0.0430687 0.258865
0 0.645658 0.0629629 0.0202381 0.125926
0 0.687805 0.0840709 0.0261262 0.167969
0 0.669728 0.0698895 0.0222869 0.139779
0 0.647537 0.0534615 0.0177419 0.106923
0 0.632577 0.118382 0.0334975 0.228357
0 0.830104 0.0688308 0.0225185 0.135546
0 0.675703 0.0822906 0.0235506 0.164581
