0 0.277622 0.528475 0.182276 0.887064
0 0.128709 0.278905 0.100677 0.469286
0 0.499684 0.52124 0.163466 0.91379
0 0.404818 0.20712 0.0581807 0.355066
0 0.855829 0.52647 0.174138 0.936585
0 0.68622 0.0853331 0.025263 0.167111
0 0.215888 0.277149 0.0914045 0.490554
0 0.519299 0.121165 0.0335865 0.234919
0 0.647303 0.0742918 0.0227839 0.148584
0 0.163805 0.155898 0.0566909 0.283735
0 0.606864 0.0734505 0.0232273 0.146901
0 0.103426 0.167592 0.0626113 0.28749
0 0.752135 0.070492 0.0228889 0.140984
0 0.794885 0.0709439 0.0233652 0.141888
0 0.846365 0.0761788 0.026202 0.150488
0 0.712476 0.0562862 0.0181515 0.112572
0 0.811626 0.075766 0.0244423 0.147186
0 0.883676 0.0567013 0.0222036 0.113403
0 0.928885 0.0466787 0.0183182 0.0933574
0 0.91485 0.0514313 0.02038 0.102063
0 0.660265 0.054107 0.0178909 0.108214
0 0.895301 0.0499537 0.0196409 0.0999074
0 0.826684 0.0471496 0.017131 0.0939233
0 0.867823 0.0481667 0.0195168 0.0962608
0 0.87317 0.0478002 0.019059 0.0956004
0 0.909265 0.0523771 0.0212173 0.103974
0 0.245481 0.19859 0.0681562 0.356356
0 0.651015 0.0714609 0.0209958 0.142922
0 0.798995 0.0728762 0.0239416 0.141959
0 0.707715 0.0565536 0.0183109 0.113104
0 0.835406 0.047765 0.0173811 0.0954498
0 0.84978 0.0666301 0.0239449 0.131006
0 0.665254 0.0525465 0.0172796 0.10496
0 0.918201 0.0496541 0.0197407 0.0993083
