0 0.0874396 0.278651 0.0999711 0.484002
0 0.70026 0.084751 0.0255816 0.166641
0 0.200745 0.17721 0.0628561 0.320394
0 0.132937 0.164468 0.0581968 0.286306
0 0.3168 0.160908 0.0533054 0.301217
0 0.444123 0.17734 0.0514368 0.332599
0 0.378313 0.168373 0.0525527 0.317996
0 0.0637153 0.595462 0.127431 0.809075
0 0.684833 0.0569964 0.0184048 0.11344
0 0.0859175 0.169597 0.0645392 0.288644
0 0.377234 0.128344 0.0445822 0.248267
0 0.448681 0.142734 0.0426455 0.273837
0 0.421186 0.104766 0.0310511 0.209532
0 0.990836 0.248922 0.0183286 0.385049
0 0.99309 0.202157 0.0138208 0.297531
0 0.441148 0.130901 0.0391056 0.252726
