0 0.497693 0.605154 0.0919539 0.559561
0 0.385718 0.711536 0.127494 0.576927
0 0.911179 0.251048 0.0490509 0.252843
0 0.69091 0.343232 0.0497853 0.332361
0 0.620838 0.260646 0.0359571 0.245883
0 0.419919 0.308454 0.0438604 0.264916
0 0.398741 0.236222 0.0329452 0.199572
0 0.365404 0.259152 0.0362646 0.216095
0 0.428073 0.268275 0.0379893 0.235878
0 0.15091 0.499684 0.0834784 0.452358
0 0.572123 0.526325 0.0771081 0.498626
0 0.542739 0.287997 0.0406179 0.260268
0 0.544805 0.166853 0.0221426 0.14746
0 0.387046 0.246161 0.0351273 0.201114
0 0.675613 0.176643 0.0229332 0.163029
0 0.152169 0.20034 0.0266677 0.144185
