0 0.415758 0.313044 0.0456215 0.266464
0 0.337426 0.258087 0.036046 0.213797
0 0.384619 0.243795 0.0330161 0.202193
0 0.133887 0.247848 0.0359049 0.183988
0 0.254225 0.566185 0.0908744 0.503992
0 0.307547 0.180035 0.0231101 0.132925
0 0.0461063 0.256666 0.0379718 0.188504
0 0.477585 0.232459 0.0314676 0.201846
0 0.24801 0.210625 0.0282005 0.156922
0 0.962456 0.439657 0.061594 0.450541
0 0.536448 0.174828 0.0223613 0.148858
0 0.279042 0.181359 0.0227416 0.131892
0 0.44259 0.268466 0.0378833 0.237643
0 0.575766 0.675056 0.101002 0.642358
0 0.646071 0.206061 0.0274906 0.187102
0 0.215931 0.212507 0.0282107 0.155859
0 0.40691 0.232587 0.0313849 0.198084
0 0.665053 0.17766 0.0237888 0.163102
0 0.620971 0.606531 0.0878392 0.575647
0 0.42275 0.239482 0.032762 0.204235
0 0.342064 0.174379 0.0224301 0.137289
0 0.182859 0.194115 0.0255676 0.136396
0 0.586875 0.627156 0.0911318 0.573774
0 0.436274 0.271963 0.0375935 0.236368
0 0.243222 0.206095 0.0265927 0.153303
0 0.201903 0.193878 0.0249916 0.13575
0 0.602842 0.609576 0.0894237 0.563053
0 0.17807 0.190876 0.0247675 0.132899
0 0.417079 0.234461 0.0330908 0.199633
0 0.212965 0.199789 0.0255864 0.139641
