0 0.21043 0.692444 0.131092 0.614503
0 0.79177 0.73808 0.149449 0.52384
0 0.5252 0.535235 0.0820602 0.517748
0 0.082946 0.305807 0.0471618 0.244829
0 0.832127 0.278048 0.0476868 0.277699
0 0.201746 0.195477 0.0256389 0.139838
0 0.105926 0.543041 0.10045 0.484237
0 0.107438 0.205426 0.0270224 0.143165
0 0.662485 0.725932 0.129514 0.548136
0 0.380939 0.195748 0.0260902 0.154232
0 0.875889 0.673619 0.119363 0.650701
0 0.760562 0.493528 0.0746866 0.482195
0 0.584096 0.167007 0.0213395 0.143539
0 0.880407 0.253394 0.0467182 0.252043
0 0.693401 0.682669 0.107138 0.634661
0 0.310947 0.171833 0.0216071 0.126368
0 0.240069 0.180252 0.0227622 0.127624
0 0.781448 0.27016 0.0438532 0.262531
0 0.41409 0.193083 0.0250602 0.151784
0 0.273602 0.177442 0.0218687 0.127444
0 0.0376885 0.524429 0.0753771 0.48769
0 0.155185 0.184678 0.0236764 0.125299
0 0.768534 0.563428 0.0862644 0.591942
0 0.821172 0.732985 0.150545 0.534029
0 0.531229 0.155996 0.0196565 0.126532
0 0.3067 0.170988 0.0229878 0.126945
0 0.89199 0.624086 0.114027 0.588611
0 0.269769 0.175465 0.0228765 0.126951
0 0.409268 0.192162 0.0252577 0.148407
0 0.773577 0.269277 0.0447248 0.262552
