0 0.0512262 0.365081 0.0595527 0.295907
0 0.0679943 0.227422 0.0311737 0.163285
0 0.321562 0.760292 0.158874 0.479175
0 0.430912 0.303982 0.044558 0.272155
0 0.403299 0.701412 0.115876 0.597175
0 0.527725 0.460637 0.0686968 0.420437
0 0.591363 0.211713 0.0287088 0.193278
0 0.378997 0.256729 0.0358101 0.220137
0 0.248454 0.198882 0.0272491 0.150851
0 0.528781 0.687395 0.105384 0.62521
0 0.210425 0.202363 0.0277499 0.150109
0 0.511971 0.178279 0.0227442 0.147831
0 0.402888 0.228019 0.0320465 0.193417
0 0.438405 0.248203 0.0347237 0.217855
0 0.655819 0.20654 0.0277823 0.189382
0 0.555271 0.254411 0.0350258 0.229619
0 0.454573 0.231718 0.0325752 0.193439
0 0.659975 0.180968 0.0245165 0.164696
0 0.448822 0.230676 0.0326396 0.193357
0 0.666486 0.184788 0.0248831 0.158337
0 0.661495 0.204092 0.0272597 0.190899
