0 0.223135 0.323867 0.0487329 0.265614
0 0.129586 0.213512 0.0291992 0.153948
0 0.37691 0.259829 0.0371116 0.224082
0 0.951646 0.277533 0.0562012 0.29953
0 0.669925 0.178441 0.0237175 0.164561
0 0.934624 0.546162 0.100855 0.557452
0 0.559947 0.253946 0.0344202 0.230178
0 0.510923 0.180048 0.0227551 0.148757
0 0.416011 0.307593 0.0458296 0.272734
0 0.197602 0.2185 0.0300397 0.164809
0 0.439044 0.247229 0.0341618 0.213085
0 0.2355 0.222689 0.031183 0.171389
0 0.397643 0.227309 0.0308834 0.189341
0 0.0791542 0.198689 0.0266975 0.132955
0 0.452707 0.231759 0.0319498 0.198371
0 0.166249 0.216093 0.0293479 0.161446
0 0.29392 0.16205 0.0210507 0.116897
0 0.314433 0.159527 0.0196324 0.115412
0 0.230398 0.216839 0.0295976 0.165786
0 0.271438 0.160711 0.019043 0.113817
0 0.444938 0.245506 0.0328667 0.210102
0 0.38869 0.232964 0.0333263 0.192259
