0 0.206836 0.338792 0.0518849 0.28551
0 0.464991 0.50354 0.0770269 0.482537
0 0.556882 0.251854 0.0339703 0.228152
0 0.443844 0.301321 0.0433108 0.262145
0 0.271079 0.329995 0.0505249 0.281908
0 0.202319 0.210135 0.0288437 0.154302
0 0.350291 0.48867 0.0769544 0.445407
0 0.403488 0.230019 0.0312333 0.193423
0 0.515247 0.447067 0.0650337 0.402116
0 0.598538 0.184342 0.0242848 0.167507
0 0.64365 0.463443 0.0687796 0.44182
0 0.492073 0.290796 0.0406055 0.261742
0 0.453949 0.22715 0.0310945 0.188712
0 0.385095 0.261928 0.0389426 0.223989
0 0.291726 0.270106 0.0395552 0.225168
0 0.443549 0.247131 0.0361301 0.210424
0 0.44942 0.236475 0.032836 0.204238
0 0.265894 0.259745 0.0406191 0.210942
0 0.379643 0.25207 0.0364291 0.2105
