0 0.763063 0.739969 0.151409 0.520062
0 0.141149 0.231186 0.0313934 0.169439
0 0.860593 0.686454 0.126498 0.627092
0 0.216199 0.199051 0.0257468 0.142786
0 0.124172 0.521894 0.0898823 0.449374
0 0.675282 0.689128 0.107063 0.620554
0 0.296263 0.530873 0.0886117 0.47759
0 0.791648 0.268763 0.0434267 0.256844
0 0.838293 0.279531 0.0494347 0.277177
0 0.43837 0.233925 0.0314726 0.19474
0 0.915287 0.568544 0.108325 0.579436
0 0.474078 0.22582 0.0299028 0.188748
0 0.637145 0.729183 0.126147 0.541634
0 0.274788 0.625532 0.104965 0.549635
0 0.616012 0.49692 0.0738985 0.474013
0 0.27882 0.195763 0.0253238 0.14431
0 0.245625 0.198656 0.0255731 0.14491
0 0.579874 0.166848 0.0210974 0.143483
0 0.0748679 0.220894 0.028722 0.153954
0 0.533969 0.15638 0.0197409 0.13174
0 0.56033 0.162417 0.0207367 0.136786
0 0.837231 0.199389 0.0356304 0.197128
0 0.114766 0.486855 0.0810235 0.419036
0 0.273239 0.197986 0.0256634 0.144584
0 0.844267 0.201647 0.0368332 0.199486
