0 0.288655 0.255064 0.0366536 0.20711
0 0.442971 0.30311 0.0433437 0.262807
0 0.175867 0.26835 0.0392033 0.209178
0 0.236186 0.25346 0.0368437 0.20352
0 0.456951 0.509939 0.0788763 0.481951
0 0.506345 0.441781 0.0645981 0.404639
0 0.406736 0.22683 0.0315151 0.18982
0 0.341637 0.47862 0.0767314 0.430188
0 0.550998 0.472848 0.0698509 0.450053
0 0.0874198 0.23545 0.0338128 0.171744
0 0.452518 0.229808 0.0317104 0.193447
0 0.488568 0.28978 0.0412514 0.260832
0 0.580637 0.322876 0.0452295 0.297647
0 0.383564 0.256398 0.0364833 0.220585
0 0.722214 0.203402 0.0282293 0.191621
0 0.0850028 0.262764 0.0374444 0.20919
0 0.551801 0.258045 0.0342414 0.2341
0 0.436868 0.244498 0.035711 0.207143
0 0.0773254 0.274864 0.0429359 0.208006
0 0.601867 0.170508 0.0222229 0.152315
0 0.984652 0.27114 0.0306955 0.272824
0 0.561603 0.274456 0.0384233 0.248559
0 0.448196 0.244332 0.0331497 0.208272
0 0.574662 0.269979 0.0374712 0.241116
0 0.377761 0.248917 0.0337363 0.206096
