0 0.0586612 0.364391 0.0593649 0.296855
0 0.238405 0.627757 0.105135 0.575255
0 0.448446 0.4823 0.0722518 0.438023
0 0.17124 0.21684 0.0288863 0.159558
0 0.508708 0.178643 0.0227631 0.147528
0 0.859617 0.382398 0.0712111 0.386589
0 0.559173 0.254009 0.0351629 0.230794
0 0.671142 0.179576 0.0233553 0.162174
0 0.379117 0.260939 0.0374062 0.224807
0 0.0656894 0.221378 0.0312326 0.149727
0 0.42124 0.301466 0.0433668 0.269175
0 0.452127 0.231844 0.0324511 0.197663
0 0.446154 0.237739 0.0326349 0.200841
0 0.398638 0.230737 0.0322464 0.194911
0 0.0646303 0.254241 0.0364169 0.191572
0 0.392559 0.236386 0.0338083 0.194583
0 0.428868 0.304062 0.043638 0.270807
0 0.389073 0.15816 0.0201546 0.117495
0 0.440174 0.239869 0.0339943 0.19517
