0 0.124514 0.22761 0.0319869 0.16268
0 0.465343 0.668258 0.103747 0.638034
0 0.557136 0.591253 0.0867397 0.550056
0 0.559235 0.253261 0.0350822 0.231218
0 0.147372 0.576703 0.0959969 0.498215
0 0.671033 0.178372 0.0235138 0.164116
0 0.415673 0.309975 0.0459139 0.269759
0 0.37756 0.258252 0.0373297 0.223625
0 0.17241 0.489816 0.0849421 0.434665
0 0.574881 0.168645 0.0220963 0.145283
0 0.206287 0.195649 0.0248995 0.141861
0 0.278321 0.200924 0.0270205 0.149147
0 0.252473 0.19902 0.0261478 0.146972
0 0.227591 0.196357 0.0253046 0.142215
0 0.441555 0.244556 0.0342203 0.213108
0 0.401651 0.230221 0.0318309 0.192282
0 0.295543 0.193104 0.0249359 0.146176
0 0.10588 0.195686 0.0258518 0.132719
0 0.0759348 0.23204 0.0310397 0.170633
0 0.386657 0.85288 0.209287 0.294239
0 0.0647273 0.260487 0.0378424 0.195917
0 0.2882 0.197038 0.0262568 0.151158
0 0.434664 0.248169 0.0346167 0.211918
0 0.257509 0.1962 0.025703 0.146977
0 0.152853 0.18398 0.0239448 0.125853
0 0.262619 0.179641 0.0228568 0.126661
0 0.446302 0.234495 0.0319669 0.203372
0 0.110467 0.197782 0.0255034 0.131521
0 0.385208 0.242244 0.0345747 0.20149
0 0.253025 0.172812 0.0222784 0.118956
