0 0.206796 0.699756 0.128978 0.600488
0 0.610105 0.645734 0.100516 0.615644
0 0.396079 0.235754 0.032548 0.196395
0 0.0758832 0.475846 0.0808629 0.398317
0 0.546902 0.175331 0.0234728 0.147761
0 0.682564 0.558112 0.0828835 0.506008
0 0.378866 0.337938 0.050052 0.302991
0 0.413845 0.308354 0.0456796 0.278924
0 0.67335 0.178123 0.0240026 0.164943
0 0.519757 0.352227 0.0515507 0.334124
0 0.360527 0.238978 0.0333709 0.195715
0 0.553091 0.475985 0.0699785 0.438247
0 0.423259 0.268618 0.0392296 0.23214
0 0.243676 0.178435 0.0222247 0.125564
0 0.568918 0.388873 0.0579428 0.360199
0 0.264966 0.173347 0.0217975 0.123887
0 0.365622 0.249152 0.0352748 0.211108
0 0.417977 0.281527 0.041711 0.243164
0 0.380059 0.272716 0.0398625 0.232485
0 0.568294 0.452661 0.0650517 0.447653
0 0.373469 0.268117 0.0382348 0.227439
0 0.39007 0.251954 0.0357367 0.220093
0 0.443755 0.143554 0.0176104 0.109115
