0 0.126879 0.341011 0.0545431 0.284374
0 0.345763 0.32556 0.0471996 0.281147
0 0.511131 0.177888 0.0226934 0.147256
0 0.42095 0.309252 0.0454114 0.272886
0 0.558874 0.256432 0.0355396 0.23341
0 0.382165 0.251761 0.0369134 0.212546
0 0.449887 0.233204 0.0329432 0.199195
0 0.442995 0.246596 0.0335713 0.211778
0 0.40035 0.227641 0.0316834 0.188912
0 0.653699 0.176027 0.0232921 0.160327
0 0.437281 0.250032 0.0350519 0.21132
0 0.594088 0.167358 0.021356 0.147241
0 0.38799 0.24162 0.0348556 0.204525
0 0.726888 0.185947 0.0247955 0.170608
