0 0.266719 0.709426 0.130817 0.581148
0 0.358819 0.307665 0.0448618 0.260416
0 0.0850692 0.21205 0.0287265 0.146989
0 0.0748616 0.52023 0.0926543 0.465839
0 0.891556 0.426891 0.0795029 0.432068
0 0.790784 0.487753 0.0827547 0.47955
0 0.473152 0.588583 0.0932262 0.548576
0 0.170773 0.200404 0.0267165 0.139133
0 0.443032 0.245278 0.0334427 0.205342
0 0.59235 0.165721 0.0221644 0.146136
0 0.457383 0.231398 0.032256 0.193105
0 0.674538 0.180523 0.0239756 0.166369
0 0.482761 0.489883 0.074577 0.450746
0 0.885246 0.331741 0.0641064 0.331998
0 0.238282 0.171939 0.0213907 0.120301
0 0.468561 0.505767 0.0791992 0.451423
0 0.874336 0.331818 0.0601421 0.322229
0 0.160389 0.189225 0.023772 0.12817
0 0.164543 0.192632 0.0255118 0.12813
0 0.97796 0.646013 0.0440791 0.703762
