0 0.15478 0.271556 0.0395434 0.211718
0 0.288591 0.256944 0.0365142 0.206597
0 0.457232 0.511197 0.0779327 0.480685
0 0.443349 0.302957 0.0428772 0.261835
0 0.557255 0.476658 0.0695425 0.444965
0 0.340721 0.479181 0.0766596 0.430383
0 0.0755849 0.263391 0.0395056 0.20016
0 0.530862 0.340039 0.0473278 0.309327
0 0.227991 0.261023 0.0379919 0.20587
0 0.488233 0.284111 0.0406398 0.251177
0 0.507588 0.444598 0.0653006 0.40845
0 0.555905 0.256055 0.0356222 0.229111
0 0.399006 0.226809 0.0313898 0.188748
0 0.382715 0.25558 0.0366052 0.214935
0 0.45155 0.23719 0.0321824 0.204791
0 0.0429725 0.279537 0.0428076 0.208861
0 0.691567 0.199351 0.0267912 0.181931
0 0.435702 0.24446 0.0348674 0.204006
0 0.442528 0.247442 0.0368814 0.210562
0 0.240712 0.171053 0.0214616 0.118368
0 0.376453 0.245722 0.033512 0.202561
0 0.548994 0.163797 0.0222389 0.139455
