0 0.0555667 0.367593 0.0604009 0.299377
0 0.305284 0.633445 0.108057 0.593807
0 0.36674 0.467225 0.073448 0.410384
0 0.507552 0.179517 0.022669 0.146947
0 0.420507 0.310809 0.0452241 0.27298
0 0.667779 0.179289 0.0238909 0.164659
0 0.37779 0.265128 0.0377555 0.229083
0 0.559201 0.25375 0.0350571 0.230243
0 0.84575 0.374426 0.0690907 0.380062
0 0.452462 0.231462 0.0325026 0.198614
0 0.177849 0.217323 0.0299805 0.161993
0 0.442198 0.245782 0.0337076 0.211419
0 0.0641509 0.230999 0.0331254 0.167168
0 0.398632 0.229391 0.0317988 0.189932
0 0.0769656 0.249075 0.0352088 0.180422
0 0.384242 0.23956 0.0341945 0.198081
0 0.377973 0.240091 0.0331438 0.19594
0 0.435577 0.250259 0.0339176 0.20854
0 0.363357 0.152692 0.019394 0.108975
0 0.391213 0.235308 0.0331974 0.192923
0 0.404146 0.229507 0.0306973 0.196677
0 0.388745 0.15926 0.0197472 0.117738
