0 0.119081 0.336653 0.0530393 0.280559
0 0.381407 0.256941 0.036852 0.220952
0 0.510898 0.178229 0.0228038 0.147537
0 0.421599 0.308338 0.0448958 0.27491
0 0.813858 0.692088 0.121341 0.609566
0 0.558341 0.256545 0.0357531 0.234899
0 0.891665 0.674127 0.134206 0.651745
0 0.451752 0.233242 0.0331106 0.200668
0 0.88279 0.747483 0.159882 0.504672
0 0.440755 0.24805 0.0344627 0.215181
0 0.400914 0.226102 0.031818 0.188812
0 0.67202 0.179832 0.0244963 0.1655
0 0.446775 0.244833 0.0329876 0.211637
0 0.725477 0.191209 0.0257947 0.175639
0 0.395965 0.233008 0.0316617 0.193653
0 0.434958 0.25426 0.0340939 0.210601
