0 0.358357 0.476398 0.0728935 0.439891
0 0.938011 0.681366 0.121334 0.637269
0 0.236165 0.191423 0.0257026 0.140314
0 0.712111 0.671007 0.108253 0.641498
0 0.652275 0.722055 0.130317 0.555889
0 0.777496 0.75165 0.171548 0.4967
0 0.773592 0.270366 0.0428677 0.26137
0 0.824586 0.279347 0.0501963 0.281586
0 0.583732 0.167279 0.021347 0.143567
0 0.534591 0.156982 0.0191313 0.128424
0 0.363801 0.152366 0.0190077 0.111269
0 0.339861 0.153312 0.0191717 0.113101
0 0.830009 0.201302 0.0363148 0.205139
0 0.978778 0.690203 0.0424232 0.618133
