0 0.611655 0.681016 0.107065 0.637916
0 0.451198 0.232282 0.032804 0.200918
0 0.377505 0.260021 0.0367344 0.225462
0 0.706561 0.373834 0.054277 0.365813
0 0.512177 0.177744 0.0228188 0.148559
0 0.187244 0.215793 0.0294986 0.159031
0 0.128088 0.435348 0.0759729 0.336507
0 0.422525 0.306754 0.0445121 0.275454
0 0.559409 0.25378 0.0350103 0.231031
0 0.667125 0.179962 0.0244301 0.167649
0 0.0679422 0.225279 0.030844 0.159051
0 0.0508538 0.365285 0.0587967 0.304232
0 0.440538 0.2481 0.0349193 0.214988
0 0.113082 0.282498 0.0412515 0.224495
0 0.125033 0.630813 0.111231 0.559539
0 0.148817 0.285012 0.0433565 0.222439
0 0.401097 0.228963 0.0315052 0.193646
0 0.136371 0.204675 0.0273315 0.144953
0 0.985079 0.514666 0.0298424 0.501875
0 0.392467 0.233902 0.0333331 0.193979
0 0.385737 0.240293 0.0342299 0.203584
