0 0.36506 0.310173 0.0466848 0.269155
0 0.0531248 0.360501 0.0579177 0.292794
0 0.145018 0.348087 0.0558673 0.291283
0 0.102524 0.330763 0.0553699 0.268119
0 0.427637 0.305067 0.0443428 0.273332
0 0.531439 0.167446 0.0219208 0.137322
0 0.558411 0.256052 0.0355639 0.233129
0 0.397759 0.227023 0.0314416 0.187012
0 0.450276 0.231668 0.033042 0.198532
0 0.382142 0.249608 0.0357863 0.213856
0 0.443446 0.244915 0.0330676 0.210631
0 0.437116 0.249622 0.0343081 0.212247
0 0.387189 0.237213 0.0346201 0.201233
