0 0.133862 0.278154 0.0417254 0.220568
0 0.0673043 0.22334 0.0310943 0.158827
0 0.26215 0.242998 0.0343354 0.192897
0 0.451261 0.230771 0.0328478 0.198504
0 0.423649 0.305971 0.0450249 0.276587
0 0.3766 0.258606 0.0368618 0.223848
0 0.667022 0.179411 0.0239894 0.165216
0 0.23869 0.243835 0.0345382 0.194722
0 0.406006 0.764571 0.174962 0.469647
0 0.439227 0.249149 0.0348056 0.217437
0 0.512035 0.177881 0.0230776 0.148992
0 0.702652 0.698592 0.121575 0.601319
0 0.0659024 0.519356 0.0906024 0.45766
0 0.624516 0.443301 0.0618298 0.414782
0 0.0521045 0.369524 0.0609452 0.30469
0 0.558396 0.502107 0.0763966 0.468596
0 0.567835 0.257693 0.0355595 0.236266
0 0.194054 0.212821 0.0293069 0.156497
0 0.401436 0.228872 0.0315678 0.192437
0 0.143827 0.221578 0.0310368 0.169978
0 0.196668 0.197844 0.0263998 0.142415
0 0.201387 0.184542 0.0239752 0.127858
0 0.445288 0.246578 0.0334543 0.214259
0 0.556917 0.186188 0.0239973 0.160164
0 0.395292 0.232861 0.0321176 0.192043
0 0.199228 0.216787 0.0297788 0.155061
