0 0.556265 0.253462 0.034582 0.227754
0 0.467547 0.498243 0.0753866 0.469223
0 0.440048 0.301734 0.0435129 0.262635
0 0.253174 0.327464 0.0497433 0.279263
0 0.34942 0.484659 0.0755888 0.445626
0 0.1834 0.340386 0.053316 0.282748
0 0.192529 0.20906 0.0288944 0.150895
0 0.518345 0.449641 0.0655077 0.405772
0 0.685841 0.457461 0.067799 0.442774
0 0.385311 0.262736 0.0398918 0.225633
0 0.593563 0.183595 0.0241218 0.163468
0 0.40327 0.231203 0.0326545 0.197738
0 0.447879 0.240284 0.0334467 0.213119
0 0.305416 0.305812 0.0458893 0.263345
0 0.490672 0.285807 0.0401091 0.253705
0 0.251071 0.262926 0.038993 0.201651
0 0.302431 0.270139 0.0395961 0.217255
0 0.598114 0.176101 0.0230191 0.155407
0 0.378803 0.250402 0.036356 0.208601
