0 0.381078 0.257772 0.0361379 0.220962
0 0.662745 0.180657 0.0244575 0.161845
0 0.0989415 0.353865 0.0592258 0.294769
0 0.422216 0.308833 0.0446611 0.272882
0 0.399521 0.228319 0.0313397 0.190497
0 0.119227 0.447817 0.0774832 0.400055
0 0.557784 0.257634 0.0353264 0.23425
0 0.442728 0.24845 0.0333837 0.212541
0 0.729462 0.252314 0.0362087 0.235851
0 0.45279 0.233977 0.0321146 0.199519
0 0.709957 0.260202 0.036605 0.243697
0 0.510645 0.179464 0.0225756 0.149425
0 0.52248 0.186641 0.0246889 0.162133
