0 0.397371 0.658395 0.101899 0.618582
0 0.247089 0.702374 0.128523 0.594164
0 0.338378 0.256753 0.0371343 0.216526
0 0.38222 0.245635 0.0350273 0.203866
0 0.77277 0.757854 0.181018 0.483855
0 0.414124 0.311242 0.0452545 0.271642
0 0.536158 0.172246 0.0227154 0.147598
0 0.687269 0.63121 0.0988302 0.597755
0 0.457324 0.505166 0.080716 0.456845
0 0.102792 0.271111 0.0403472 0.21358
0 0.0585987 0.44959 0.0775802 0.384649
0 0.667485 0.17919 0.0240723 0.16356
0 0.577575 0.41046 0.0593578 0.380043
0 0.407137 0.229568 0.0316645 0.191821
0 0.814033 0.568201 0.0991568 0.560819
0 0.869711 0.675844 0.120409 0.64264
0 0.635062 0.398779 0.0558599 0.376715
0 0.605841 0.324598 0.0478533 0.307504
0 0.95246 0.548538 0.0934727 0.532525
0 0.0959571 0.241265 0.033733 0.177836
0 0.145728 0.252442 0.0350707 0.195677
0 0.468016 0.23218 0.0322944 0.203399
0 0.111784 0.245969 0.0334802 0.18462
0 0.0633604 0.269384 0.0408772 0.199324
0 0.0641932 0.294581 0.0470768 0.24521
0 0.0447211 0.2273 0.0315048 0.15736
0 0.153141 0.256405 0.0374271 0.200104
0 0.432872 0.279436 0.0414507 0.250438
0 0.585258 0.165715 0.0216604 0.141825
0 0.424385 0.253483 0.038465 0.217712
0 0.475417 0.237113 0.0341427 0.204324
0 0.572567 0.373939 0.0541857 0.344426
0 0.888038 0.625724 0.107312 0.60474
