0 0.338786 0.257338 0.0370276 0.215573
0 0.384277 0.244498 0.0358398 0.203314
0 0.417025 0.310295 0.0450281 0.272918
0 0.642477 0.698646 0.11134 0.602708
0 0.505531 0.741722 0.133349 0.516555
0 0.0784312 0.252013 0.0353299 0.188024
0 0.187264 0.453285 0.0752256 0.400861
0 0.846417 0.680318 0.122132 0.628015
0 0.536268 0.172321 0.0223611 0.149315
0 0.187722 0.246023 0.0350635 0.195166
0 0.406733 0.229114 0.03183 0.195731
0 0.665249 0.178204 0.0239271 0.161677
0 0.47067 0.234954 0.0323412 0.207184
0 0.654663 0.416146 0.0587594 0.39256
0 0.713313 0.517377 0.0785866 0.493594
0 0.103617 0.240656 0.0340537 0.18444
0 0.732876 0.384318 0.0583838 0.375792
0 0.136341 0.286888 0.0442543 0.230398
0 0.956334 0.725431 0.0872631 0.548445
0 0.722481 0.485701 0.0697878 0.479441
0 0.448563 0.248674 0.0354015 0.219093
0 0.156322 0.241179 0.0355077 0.182739
0 0.0360076 0.282454 0.0419649 0.226672
0 0.422261 0.260544 0.0378324 0.22613
0 0.662559 0.398852 0.0554939 0.380858
0 0.971522 0.715917 0.0569555 0.568167
0 0.112842 0.275567 0.0420701 0.21054
0 0.135861 0.232026 0.0329988 0.174129
0 0.557793 0.156524 0.0197531 0.129776
0 0.662366 0.687549 0.111107 0.619007
0 0.674501 0.158502 0.0207771 0.131919
0 0.0113436 0.239236 0.0226873 0.18043
0 0.978904 0.687311 0.0421918 0.625378
0 0.873739 0.630795 0.108778 0.596279
0 0.719093 0.384215 0.0602299 0.374584
0 0.148463 0.242963 0.0347368 0.188689
0 0.427725 0.271105 0.0395407 0.234197
0 0.130521 0.247997 0.0353148 0.190086
0 0.442319 0.246314 0.0365158 0.212677
