0 0.151011 0.334559 0.0521347 0.285803
0 0.362515 0.323314 0.0478423 0.281534
0 0.0914469 0.324759 0.051531 0.262955
0 0.0614744 0.350506 0.0557159 0.282074
0 0.557754 0.257478 0.03529 0.23196
0 0.42163 0.309545 0.0458849 0.270558
0 0.441994 0.247042 0.0343675 0.213169
0 0.547707 0.164305 0.0213471 0.140628
0 0.448941 0.232125 0.0329941 0.200224
0 0.398414 0.231535 0.0327597 0.193728
0 0.382076 0.252561 0.0354573 0.214868
0 0.392853 0.242118 0.0333332 0.201859
0 0.375739 0.249401 0.0354911 0.212014
0 0.435102 0.249857 0.0346485 0.210071
