0 0.413393 0.569347 0.088857 0.537176
0 0.207724 0.463665 0.0751447 0.426481
0 0.512221 0.532726 0.0796217 0.497172
0 0.748879 0.471921 0.0738905 0.467981
0 0.173056 0.555181 0.0946226 0.500991
0 0.409693 0.19426 0.0261051 0.158779
0 0.825627 0.524727 0.0889183 0.507536
0 0.726811 0.385917 0.0594883 0.370201
0 0.458294 0.192871 0.0252493 0.159248
0 0.0490973 0.300821 0.0466986 0.229196
0 0.672889 0.181432 0.0242004 0.166704
0 0.597333 0.165157 0.0208328 0.142871
0 0.572416 0.160291 0.0198401 0.133137
0 0.842115 0.517191 0.0873251 0.514436
