0 0.541043 0.422734 0.0620552 0.393511
0 0.584071 0.385874 0.0537584 0.380545
0 0.415071 0.308772 0.0457194 0.270885
0 0.380781 0.255659 0.0368344 0.222098
0 0.556644 0.258497 0.0361272 0.237534
0 0.683156 0.667436 0.109448 0.662353
0 0.124265 0.252037 0.038135 0.195501
0 0.162355 0.252666 0.0366513 0.197195
0 0.714848 0.692793 0.119728 0.613948
0 0.40107 0.225196 0.030656 0.18646
0 0.671313 0.178182 0.0238583 0.164429
0 0.440057 0.243543 0.0339398 0.214333
0 0.315928 0.152437 0.0195205 0.11188
0 0.209412 0.194833 0.024921 0.142154
0 0.551598 0.166781 0.0222335 0.140599
0 0.446952 0.232809 0.0328331 0.202832
0 0.736612 0.689946 0.115418 0.620107
0 0.434139 0.24686 0.0346173 0.212164
0 0.21787 0.194141 0.0250609 0.140257
0 0.377071 0.238227 0.0345324 0.201225
0 0.128996 0.205504 0.029903 0.146891
0 0.16701 0.229216 0.0325619 0.176705
0 0.388227 0.237187 0.0344612 0.19644
0 0.115331 0.20117 0.0280305 0.142563
0 0.167929 0.204576 0.0277091 0.149216
0 0.123388 0.208285 0.0278705 0.149428
0 0.155913 0.198726 0.0273846 0.142457
0 0.16083 0.20142 0.0268306 0.144316
