0 0.559432 0.711536 0.125783 0.575893
0 0.370374 0.380427 0.0579556 0.340109
0 0.56019 0.253922 0.0347197 0.229577
0 0.421893 0.348319 0.0518603 0.315388
0 0.667015 0.179057 0.0237335 0.163442
0 0.320679 0.653002 0.104688 0.603191
0 0.538934 0.171754 0.0221073 0.146453
0 0.161892 0.21657 0.0306136 0.16439
0 0.314526 0.159072 0.0207934 0.119261
0 0.287164 0.164021 0.0207188 0.118951
0 0.134209 0.2201 0.0313673 0.164085
0 0.442378 0.23935 0.0329273 0.205096
0 0.397225 0.228344 0.0312839 0.187992
0 0.374026 0.254829 0.0361055 0.212984
0 0.206609 0.195868 0.0245986 0.142669
0 0.355009 0.572772 0.0913472 0.527687
0 0.111403 0.260273 0.039369 0.198991
0 0.087857 0.276764 0.0429706 0.222158
0 0.0750114 0.21436 0.0290641 0.149363
0 0.219933 0.193626 0.0255257 0.142017
0 0.43608 0.244961 0.0334155 0.208445
0 0.059642 0.264289 0.0399275 0.205439
0 0.102248 0.223253 0.030675 0.15703
0 0.0496877 0.274524 0.0425972 0.214355
0 0.391772 0.236904 0.0337651 0.196716
0 0.108842 0.218717 0.0308403 0.157781
0 0.211368 0.195827 0.0262112 0.142009
0 0.318002 0.156973 0.0197715 0.111575
0 0.38414 0.231656 0.032767 0.193185
0 0.373457 0.295145 0.040705 0.259224
0 0.377695 0.237188 0.0312874 0.19913
0 0.380835 0.212852 0.0293704 0.168945
