0 0.176535 0.321456 0.0502946 0.270301
0 0.555303 0.253245 0.0341925 0.230094
0 0.0938623 0.343154 0.0553082 0.283124
0 0.411782 0.493786 0.074102 0.439292
0 0.367092 0.357085 0.0545152 0.304061
0 0.294433 0.514614 0.0871842 0.474963
0 0.453789 0.23062 0.0312998 0.195789
0 0.491519 0.287539 0.0412722 0.260103
0 0.687684 0.405714 0.0595861 0.390224
0 0.442018 0.303333 0.0439453 0.258583
0 0.489547 0.452093 0.0655866 0.404578
0 0.381275 0.257575 0.0379907 0.215812
0 0.581711 0.182002 0.0236445 0.161965
0 0.404575 0.230336 0.0328814 0.190038
0 0.0606495 0.29113 0.0452681 0.225074
0 0.440309 0.248986 0.0352069 0.212752
0 0.0770268 0.276905 0.0419075 0.211713
0 0.0677763 0.286251 0.0441939 0.221622
0 0.435795 0.266305 0.0384489 0.226792
0 0.255629 0.16485 0.0202339 0.112409
