0 0.363248 0.258578 0.0380706 0.221373
0 0.209093 0.465898 0.0802617 0.404462
0 0.561015 0.465627 0.0692189 0.444181
0 0.413495 0.311297 0.0463849 0.273235
0 0.59667 0.266392 0.036925 0.245141
0 0.676526 0.179222 0.0242593 0.165178
0 0.107366 0.509482 0.088276 0.447851
0 0.538367 0.174601 0.0231552 0.149886
0 0.389661 0.240013 0.0346046 0.20256
0 0.193332 0.368442 0.0594692 0.319198
0 0.446982 0.24073 0.0346296 0.210282
0 0.0726003 0.49897 0.0848283 0.45014
0 0.177235 0.416831 0.0684348 0.373903
0 0.111011 0.300139 0.0456232 0.242589
0 0.0728958 0.436099 0.0749024 0.375088
0 0.42261 0.275254 0.0401745 0.242471
0 0.440288 0.238754 0.0327034 0.212049
0 0.394516 0.231574 0.0327264 0.195809
0 0.0925957 0.507087 0.0833318 0.450105
0 0.00793408 0.300465 0.0157786 0.240722
0 0.4289 0.262728 0.0392809 0.235996
