0 0.324368 0.401075 0.0618917 0.353536
0 0.430901 0.30255 0.0437099 0.267048
0 0.301008 0.464 0.0696112 0.403357
0 0.442368 0.702368 0.123052 0.595264
0 0.461994 0.473296 0.0741016 0.429727
0 0.809781 0.24579 0.0421782 0.245859
0 0.117114 0.241167 0.0340847 0.180391
0 0.510406 0.178762 0.0226941 0.148436
0 0.0782966 0.212595 0.0284413 0.149143
0 0.559428 0.253467 0.0350412 0.230089
0 0.378994 0.258316 0.0355832 0.219839
0 0.152815 0.242989 0.0347413 0.184905
0 0.255354 0.177354 0.0235176 0.13108
0 0.285621 0.176296 0.0227332 0.131243
0 0.853071 0.236048 0.0434052 0.24055
0 0.40171 0.227959 0.0312125 0.188876
0 0.667737 0.177717 0.0233301 0.163108
0 0.455463 0.231828 0.0318886 0.193183
0 0.441901 0.243749 0.0328617 0.211103
0 0.212886 0.179177 0.0238717 0.131418
0 0.208216 0.179731 0.023968 0.130887
0 0.21885 0.178169 0.0238476 0.128673
0 0.446805 0.234438 0.0322985 0.200985
