0 0.0587201 0.362963 0.0595279 0.296332
0 0.164575 0.219796 0.0306691 0.16248
0 0.526039 0.499827 0.0733052 0.45637
0 0.176943 0.615078 0.103578 0.544353
0 0.870349 0.386999 0.0744778 0.397882
0 0.427122 0.30854 0.0431035 0.264875
0 0.0671697 0.226775 0.0330021 0.16096
0 0.667648 0.179459 0.0241543 0.165435
0 0.378736 0.261145 0.0367385 0.222929
0 0.559981 0.253843 0.0348251 0.23032
0 0.511156 0.178167 0.0228556 0.149862
0 0.445311 0.246322 0.0333294 0.2138
0 0.399555 0.229403 0.0316343 0.193987
0 0.376968 0.166715 0.0215307 0.128047
0 0.328062 0.155151 0.0196953 0.116067
0 0.454031 0.2353 0.0327127 0.202964
0 0.383216 0.247263 0.0340388 0.208384
0 0.979796 0.695939 0.0404089 0.60725
0 0.0728982 0.258458 0.0388162 0.192214
