0 0.180465 0.315768 0.0470603 0.255455
0 0.0744848 0.230602 0.0332816 0.172322
0 0.414498 0.311455 0.0454683 0.270286
0 0.559933 0.253624 0.0347199 0.231069
0 0.667874 0.178317 0.0235076 0.165104
0 0.378811 0.258713 0.0362199 0.221614
0 0.510054 0.180549 0.0234828 0.150936
0 0.400712 0.229794 0.031601 0.193418
0 0.450733 0.231373 0.0324343 0.201387
0 0.437932 0.247745 0.0348953 0.214663
0 0.193569 0.232445 0.0324347 0.178847
0 0.162313 0.226463 0.0306443 0.1717
0 0.136964 0.227449 0.0329774 0.17113
0 0.289036 0.164933 0.0209152 0.118951
0 0.307376 0.163548 0.0210647 0.115908
0 0.216188 0.176692 0.0220771 0.12437
0 0.142862 0.228257 0.0319588 0.172293
0 0.255113 0.162885 0.0212979 0.112743
0 0.18861 0.180956 0.0239869 0.121702
0 0.456244 0.232992 0.0316914 0.201216
0 0.385621 0.24296 0.0349308 0.206075
