0 0.501731 0.451065 0.0676107 0.418265
0 0.267953 0.616226 0.101538 0.555096
0 0.136462 0.410259 0.0662824 0.350544
0 0.376233 0.246477 0.034304 0.204248
0 0.407911 0.550284 0.0835083 0.494513
0 0.443861 0.249802 0.0347924 0.213935
0 0.672876 0.182928 0.0244388 0.167209
0 0.528017 0.500125 0.0717338 0.458889
0 0.167771 0.494359 0.0835845 0.436646
0 0.180861 0.187727 0.023932 0.128645
0 0.538965 0.43099 0.0665072 0.390101
0 0.182595 0.420559 0.0694598 0.362115
0 0.204563 0.486679 0.0791772 0.444308
0 0.668339 0.183161 0.0245077 0.167448
0 0.586091 0.165214 0.0214684 0.145294
0 0.528598 0.418486 0.0582298 0.399255
0 0.574273 0.162007 0.0206133 0.13813
0 0.183284 0.491605 0.0877064 0.451804
0 0.59123 0.165696 0.0207272 0.144009
