0 0.0541796 0.36331 0.0578133 0.295491
0 0.430005 0.303401 0.0451105 0.270432
0 0.367178 0.309631 0.0470369 0.268732
0 0.102255 0.381112 0.060103 0.312492
0 0.453475 0.234407 0.0320948 0.201402
0 0.396549 0.224959 0.0308342 0.181655
0 0.119185 0.338105 0.055096 0.276684
0 0.381106 0.252722 0.0356704 0.215694
0 0.558499 0.256061 0.0358809 0.233208
0 0.517217 0.174788 0.0223533 0.147124
0 0.441377 0.242651 0.033143 0.206157
0 0.447459 0.2439 0.0332499 0.210404
0 0.387786 0.240043 0.0348781 0.200922
0 0.59421 0.167332 0.0214367 0.147273
0 0.00553093 0.309824 0.010912 0.256247
