0 0.792734 0.746057 0.163498 0.507886
0 0.883197 0.670921 0.127848 0.65221
0 0.696004 0.675827 0.10831 0.643895
0 0.644007 0.719646 0.127766 0.560708
0 0.228499 0.204749 0.0271543 0.15306
0 0.774188 0.270894 0.0415759 0.260228
0 0.13395 0.488264 0.0840579 0.42116
0 0.582992 0.166222 0.021167 0.143856
0 0.826697 0.279116 0.0480124 0.279412
0 0.957276 0.666952 0.0845171 0.595572
0 0.344773 0.160245 0.0203706 0.11644
0 0.37112 0.15922 0.01953 0.116617
0 0.534378 0.156825 0.0193702 0.12882
0 0.367467 0.15975 0.0204943 0.115767
0 0.905214 0.646564 0.124512 0.632292
0 0.66839 0.69362 0.126297 0.610782
0 0.977075 0.688896 0.0458491 0.614498
