0 0.242166 0.717711 0.134118 0.564579
0 0.081996 0.255332 0.0386282 0.191087
0 0.246734 0.213962 0.0290887 0.164983
0 0.557624 0.253059 0.0348776 0.229636
0 0.297833 0.523825 0.0860053 0.479285
0 0.670639 0.178784 0.0234947 0.164445
0 0.241263 0.549819 0.10296 0.492755
0 0.414271 0.309418 0.0454206 0.267964
0 0.434432 0.246822 0.0337341 0.217207
0 0.377799 0.260834 0.0375373 0.226406
0 0.58037 0.168382 0.0211587 0.146188
0 0.398758 0.225189 0.0314232 0.186133
0 0.926381 0.476324 0.100462 0.483804
0 0.941198 0.538353 0.106005 0.535259
0 0.440276 0.241282 0.0330339 0.206664
0 0.206479 0.215682 0.0292897 0.16201
0 0.44609 0.232017 0.0329409 0.200508
0 0.220805 0.193546 0.0251857 0.139618
0 0.0835795 0.206701 0.0276308 0.141425
0 0.200546 0.211274 0.0277492 0.157846
0 0.212783 0.215584 0.0298764 0.163695
0 0.0408319 0.248984 0.0360022 0.184489
0 0.249855 0.197005 0.0256083 0.147936
0 0.224333 0.186029 0.0236122 0.135051
