0 0.0969349 0.348008 0.0565814 0.286325
0 0.170674 0.433075 0.071595 0.386921
0 0.480569 0.693042 0.116731 0.613916
0 0.510834 0.17745 0.0227467 0.147163
0 0.575054 0.169928 0.0217547 0.145087
0 0.450776 0.231867 0.0328859 0.199268
0 0.381019 0.255951 0.0364697 0.223034
0 0.670973 0.177729 0.0233276 0.16431
0 0.422069 0.306699 0.044957 0.275306
0 0.555316 0.255724 0.0351508 0.233718
0 0.944057 0.303136 0.0624969 0.309693
0 0.0568174 0.593227 0.10649 0.521148
0 0.438665 0.248758 0.0357679 0.215447
0 0.399181 0.226295 0.0317481 0.190667
