0 0.360716 0.468752 0.0736033 0.427867
0 0.474253 0.507796 0.0799099 0.466045
0 0.743695 0.750039 0.144899 0.498999
0 0.555525 0.254398 0.0347872 0.230043
0 0.190903 0.288987 0.042856 0.228319
0 0.496665 0.760757 0.144555 0.478486
0 0.158839 0.285957 0.0422872 0.229947
0 0.446704 0.303495 0.043826 0.261795
0 0.553574 0.471856 0.0686193 0.438967
0 0.599967 0.18911 0.0251514 0.166874
0 0.512338 0.438008 0.0641733 0.402393
0 0.649255 0.290401 0.0408716 0.272351
0 0.489805 0.289127 0.0401353 0.252337
0 0.400482 0.229621 0.0318091 0.194389
0 0.380404 0.257562 0.0370305 0.220362
0 0.790704 0.276186 0.0445888 0.268733
0 0.532099 0.174121 0.022601 0.144947
0 0.512012 0.19201 0.0255045 0.161616
0 0.20112 0.197134 0.0260293 0.140646
0 0.435336 0.251808 0.0360213 0.217287
0 0.451629 0.224738 0.0303731 0.190041
0 0.0937426 0.204567 0.0272842 0.138807
0 0.142735 0.203746 0.0265717 0.144432
0 0.492848 0.17093 0.0224206 0.138255
0 0.113413 0.207385 0.0272571 0.143536
0 0.459513 0.227219 0.0303989 0.186022
0 0.64057 0.181849 0.0241758 0.170832
0 0.490766 0.187689 0.0251091 0.159454
0 0.173206 0.195792 0.0254342 0.136512
0 0.468186 0.215327 0.0287269 0.179285
0 0.177147 0.18945 0.0232236 0.133643
0 0.167485 0.282683 0.042242 0.229376
0 0.759225 0.694046 0.121407 0.594472
