0 0.260349 0.497672 0.0809401 0.441188
0 0.497318 0.456294 0.0679452 0.410909
0 0.408746 0.211777 0.0284945 0.175469
0 0.878643 0.42022 0.0776604 0.456009
0 0.152337 0.542362 0.0905858 0.485197
0 0.458038 0.214571 0.0289032 0.178289
0 0.770585 0.66066 0.109346 0.648579
0 0.546161 0.501145 0.0720371 0.469158
0 0.472178 0.386004 0.0587617 0.345195
0 0.673485 0.182491 0.0245193 0.16624
0 0.844243 0.543124 0.093528 0.543275
0 0.595444 0.165683 0.0210548 0.145563
0 0.644601 0.176684 0.0217476 0.15517
0 0.864568 0.471031 0.0821583 0.473353
0 0.452565 0.208095 0.0272886 0.175176
