0 0.460133 0.510187 0.0808035 0.478787
0 0.110717 0.414234 0.073447 0.353321
0 0.217999 0.563669 0.0993478 0.501963
0 0.551587 0.474143 0.0698691 0.446079
0 0.442863 0.300759 0.043681 0.267843
0 0.107929 0.625234 0.114315 0.555778
0 0.553182 0.254751 0.0357779 0.230411
0 0.342499 0.480329 0.0803488 0.434282
0 0.60738 0.265334 0.0380911 0.245716
0 0.661866 0.27989 0.0392912 0.261722
0 0.23486 0.254165 0.0365375 0.201646
0 0.451215 0.236237 0.0322444 0.203042
0 0.878491 0.250688 0.0460846 0.243288
0 0.500652 0.439251 0.0665663 0.400231
0 0.933333 0.246132 0.0493118 0.247576
0 0.524334 0.154438 0.0195482 0.127605
0 0.488888 0.286673 0.0410835 0.254875
0 0.382088 0.25899 0.036798 0.219747
0 0.269617 0.25815 0.0373624 0.211306
0 0.394224 0.229729 0.0322076 0.189517
0 0.435685 0.24902 0.0351744 0.209121
0 0.27441 0.241298 0.0348072 0.195255
0 0.11916 0.254817 0.0387945 0.201055
0 0.123664 0.234372 0.0332174 0.176976
0 0.375663 0.246028 0.0344956 0.203794
0 0.443458 0.246099 0.0354457 0.209234
0 0.821952 0.221167 0.0362667 0.212981
0 0.82848 0.221204 0.0364773 0.210642
