0 0.549769 0.680571 0.0995315 0.606235
0 0.912256 0.564124 0.105687 0.510972
0 0.658829 0.613028 0.0965105 0.563845
0 0.401187 0.676694 0.0955137 0.597652
0 0.79738 0.508415 0.0946167 0.465905
0 0.983468 0.3125 0.0330633 0.2857
0 0.531282 0.263399 0.0366986 0.245531
0 0.776774 0.235531 0.0427073 0.21827
0 0.636452 0.220676 0.0346731 0.207432
0 0.263546 0.417306 0.0597905 0.391316
0 0.161541 0.517425 0.084974 0.508059
0 0.190653 0.471291 0.0728432 0.450247
0 0.203524 0.468111 0.0722626 0.448194
0 0.987495 0.296743 0.0237202 0.258321
0 0.231031 0.496679 0.0737125 0.48849
0 0.990106 0.321747 0.0197479 0.299607
