0 0.626949 0.365248 0.0602034 0.412094
0 0.757795 0.399635 0.0784456 0.477
0 0.715092 0.324573 0.0509721 0.314827
0 0.842401 0.415183 0.0890938 0.515355
0 0.917548 0.335034 0.066608 0.334218
0 0.443192 0.321992 0.0363743 0.311885
0 0.467629 0.283224 0.026838 0.225488
0 0.87991 0.346615 0.0676712 0.372283
0 0.172452 0.298264 0.0382723 0.277382
0 0.98067 0.270357 0.0376122 0.188665
0 0.226214 0.301334 0.0353586 0.28369
0 0.818969 0.333645 0.0612256 0.329247
0 0.463026 0.283711 0.024898 0.230146
0 0.83161 0.34034 0.0661102 0.35194
0 0.856409 0.342497 0.0671518 0.351888
