0 0.71728 0.320805 0.0486742 0.311222
0 0.627818 0.365328 0.0600351 0.415761
0 0.754348 0.336741 0.0584691 0.343629
0 0.81228 0.325916 0.0594557 0.319324
0 0.879959 0.349937 0.0661253 0.366161
0 0.445339 0.320259 0.0361938 0.314896
0 0.979458 0.323041 0.0410837 0.302473
0 0.946297 0.323801 0.064381 0.311287
0 0.850478 0.307137 0.0516937 0.271611
0 0.834156 0.306693 0.0484032 0.273554
0 0.464037 0.27958 0.0261551 0.220397
0 0.219412 0.294143 0.0312173 0.265146
0 0.905108 0.33707 0.0635029 0.336199
0 0.919981 0.331313 0.0717567 0.325045
