0 0.712621 0.322461 0.0510157 0.315256
0 0.763614 0.33897 0.0592279 0.347108
0 0.814396 0.327192 0.0570242 0.31894
0 0.627134 0.365561 0.0604694 0.416575
0 0.916371 0.335007 0.0679222 0.337004
0 0.887452 0.349331 0.0699661 0.373015
0 0.36748 0.428844 0.0686951 0.586374
0 0.43082 0.444479 0.0809541 0.622803
0 0.47693 0.282784 0.0293702 0.230923
0 0.311227 0.282888 0.0294508 0.236892
0 0.078404 0.280989 0.0365547 0.241044
0 0.258057 0.280232 0.0286121 0.229733
0 0.31716 0.280021 0.0308562 0.239823
0 0.354756 0.421839 0.0774047 0.602036
0 0.473965 0.3223 0.0368383 0.310151
