0 0.632937 0.328251 0.0490509 0.329728
0 0.909549 0.336489 0.0654366 0.341392
0 0.746346 0.338117 0.0574314 0.350455
0 0.856712 0.352052 0.0712479 0.375561
0 0.977151 0.28728 0.0435225 0.217696
0 0.0274504 0.348793 0.0545483 0.394732
0 0.825314 0.330137 0.0577978 0.326673
0 0.438327 0.318736 0.0355398 0.310486
0 0.67583 0.285182 0.034433 0.23376
0 0.819982 0.282778 0.0394722 0.218287
0 0.215144 0.288441 0.0308663 0.248785
0 0.74503 0.288935 0.0416912 0.242959
0 0.843522 0.339251 0.0649139 0.350419
0 0.751931 0.285396 0.0383743 0.231288
0 0.76339 0.283734 0.0378628 0.225613
