0 0.657706 0.36469 0.0613153 0.424566
0 0.712525 0.32088 0.0513701 0.321052
0 0.912396 0.334677 0.0678087 0.337921
0 0.503889 0.375303 0.0562269 0.439103
0 0.382853 0.375306 0.0547719 0.45487
0 0.478518 0.32349 0.0400707 0.337443
0 0.781532 0.562014 0.146942 0.875973
0 0.271818 0.54778 0.109882 0.841172
0 0.753852 0.339024 0.0660179 0.353103
0 0.114064 0.555155 0.165247 0.88253
0 0.857029 0.416988 0.106143 0.569608
0 0.0827345 0.555217 0.154178 0.889566
0 0.308646 0.283951 0.0316564 0.239916
0 0.141245 0.568942 0.138115 0.86071
0 0.0641931 0.279847 0.0353043 0.242678
0 0.844527 0.528739 0.122668 0.775702
0 0.885759 0.312656 0.0594292 0.288819
0 0.743234 0.321227 0.0460075 0.30401
0 0.74873 0.28954 0.0412771 0.246262
0 0.827517 0.295249 0.0438416 0.250585
