0 0.659483 0.368971 0.0632453 0.416655
0 0.714836 0.322358 0.05166 0.314342
0 0.879329 0.349503 0.0697369 0.367664
0 0.757653 0.338335 0.0575724 0.34659
0 0.927577 0.33691 0.0667816 0.339329
0 0.821185 0.327764 0.0575953 0.320422
0 0.499393 0.337287 0.043306 0.350658
0 0.0803134 0.313559 0.0505626 0.313985
0 0.0181146 0.308344 0.0362291 0.303549
0 0.11286 0.297313 0.0421084 0.274266
0 0.0118646 0.316263 0.0237293 0.325151
0 0.431262 0.299228 0.0312512 0.273038
0 0.42097 0.299481 0.0298954 0.276341
0 0.639556 0.302224 0.0401869 0.271239
0 0.47796 0.324143 0.0381453 0.321676
0 0.484985 0.335989 0.0406693 0.309407
0 0.120883 0.297699 0.0415267 0.2783
