0 0.661495 0.368833 0.0653345 0.416459
0 0.714875 0.321127 0.0524837 0.318216
0 0.761543 0.338282 0.0595169 0.352425
0 0.820322 0.325863 0.0581789 0.324449
0 0.924852 0.336621 0.0661455 0.339579
0 0.884721 0.348495 0.0723637 0.365942
0 0.497794 0.335229 0.0428436 0.341869
0 0.187487 0.306466 0.0389655 0.295027
0 0.551103 0.285799 0.027939 0.224947
0 0.105195 0.298939 0.0413629 0.277216
0 0.141816 0.324327 0.0492118 0.330884
0 0.123941 0.320945 0.0493085 0.335647
0 0.133322 0.321131 0.048219 0.333948
0 0.48411 0.326551 0.0387365 0.318086
0 0.149529 0.317835 0.0440463 0.321262
