0 0.815559 0.291646 0.0409887 0.237403
0 0.553726 0.298542 0.0354702 0.262305
0 0.771442 0.292794 0.0425539 0.241727
0 0.238382 0.309403 0.0383432 0.305485
0 0.0673856 0.300367 0.0446448 0.285213
0 0.344006 0.282981 0.0262853 0.237996
0 0.0117783 0.301572 0.0235567 0.287668
0 0.00512541 0.303294 0.0102503 0.29262
0 0.265495 0.284158 0.029301 0.243131
0 0.271806 0.283638 0.0278268 0.242399
0 0.123705 0.28732 0.0379892 0.25391
0 0.141594 0.285715 0.0343029 0.24468
0 0.00822497 0.298777 0.0164499 0.292538
