0 0.632485 0.328244 0.0495079 0.325409
0 0.912695 0.337148 0.0634476 0.340444
0 0.856227 0.353539 0.0685268 0.370428
0 0.0246996 0.328325 0.0490762 0.359592
0 0.439243 0.319409 0.0355136 0.310395
0 0.822086 0.331551 0.0554478 0.316576
0 0.0984986 0.346452 0.0595506 0.393288
0 0.755505 0.341496 0.0587008 0.342377
0 0.941402 0.28389 0.0434105 0.21816
0 0.973486 0.283229 0.0436577 0.214803
0 0.744697 0.336991 0.056285 0.346317
0 0.986745 0.286848 0.0265102 0.222855
0 0.654343 0.285406 0.0309463 0.220359
0 0.646398 0.282468 0.0314759 0.218895
0 0.827823 0.290934 0.0413391 0.221297
0 0.243564 0.285637 0.0271112 0.242767
0 0.991358 0.28786 0.01714 0.221932
0 0.756027 0.293618 0.0375311 0.232751
0 0.252675 0.284067 0.0284141 0.236833
0 0.948018 0.278889 0.0393559 0.198572
