0 0.501466 0.33695 0.0451129 0.360519
0 0.885293 0.3449 0.068783 0.363232
0 0.80393 0.395606 0.0793781 0.48276
0 0.91559 0.332475 0.0676075 0.331004
0 0.980616 0.319128 0.0387685 0.293508
0 0.730094 0.418483 0.0858992 0.537089
0 0.303119 0.299406 0.0356757 0.285858
0 0.477007 0.323033 0.0396868 0.331636
0 0.0190374 0.311626 0.0380749 0.322691
0 0.0776264 0.311396 0.0484624 0.31872
0 0.654093 0.553598 0.122624 0.819571
0 0.345846 0.282273 0.0300072 0.243544
0 0.686724 0.560113 0.130781 0.84017
0 0.821831 0.316344 0.05961 0.311425
0 0.950246 0.293427 0.0457569 0.235737
0 0.166606 0.549774 0.183462 0.900451
0 0.762171 0.322613 0.0549904 0.33905
0 0.63189 0.5588 0.120882 0.842718
0 0.273621 0.583572 0.167675 0.832855
0 0.111726 0.294723 0.0413689 0.26921
0 0.661286 0.274798 0.0325122 0.217031
0 0.610076 0.562396 0.1162 0.847626
0 0.83086 0.313136 0.0521824 0.296346
