0 0.719986 0.340335 0.05739 0.33307
0 0.797592 0.337325 0.0573537 0.328811
0 0.874807 0.363989 0.0669889 0.36447
0 0.300005 0.210886 0.0230112 0.167074
0 0.112174 0.202807 0.0244194 0.165241
0 0.445849 0.223212 0.0239207 0.181325
0 0.364652 0.225332 0.0253044 0.186015
0 0.268332 0.158099 0.0140697 0.100828
0 0.603299 0.202456 0.0231153 0.150927
0 0.411731 0.230542 0.0253604 0.193624
0 0.344779 0.165042 0.0145854 0.107938
0 0.489531 0.184678 0.0179852 0.131642
0 0.382131 0.216781 0.0232393 0.172867
0 0.208644 0.176765 0.018502 0.1279
0 0.398216 0.194466 0.019763 0.147252
0 0.43123 0.209444 0.0214989 0.162236
0 0.521052 0.181042 0.0169517 0.122977
0 0.408187 0.167587 0.0148823 0.107423
0 0.402901 0.196533 0.0196746 0.152356
0 0.395212 0.178239 0.017128 0.123831
0 0.44134 0.219917 0.0242249 0.180445
0 0.518034 0.180273 0.0168972 0.124271
0 0.371603 0.167702 0.0149288 0.108934
0 0.408913 0.19821 0.019978 0.149758
0 0.426985 0.206391 0.0207389 0.161278
0 0.436194 0.215778 0.0226131 0.175632
0 0.393261 0.197647 0.0210605 0.147375
