0 0.198337 0.288885 0.0395229 0.277704
0 0.299136 0.208214 0.0228834 0.165192
0 0.80407 0.295011 0.0482094 0.276231
0 0.706512 0.285607 0.0439399 0.260616
0 0.129204 0.191063 0.0218971 0.146652
0 0.654765 0.287926 0.0424079 0.266266
0 0.851497 0.301496 0.0518192 0.280484
0 0.0115118 0.259554 0.0227232 0.242555
0 0.412327 0.231674 0.0260334 0.197157
0 0.0817841 0.18819 0.0214884 0.144646
0 0.277752 0.173556 0.0170321 0.120244
0 0.364951 0.22587 0.0261031 0.188312
0 0.384101 0.218137 0.0242111 0.173679
0 0.434225 0.217058 0.0237452 0.17566
0 0.258094 0.153269 0.0133375 0.0939421
0 0.492162 0.193744 0.0192141 0.14438
0 0.34854 0.172503 0.0159096 0.117536
0 0.208649 0.151246 0.0138984 0.0943449
0 0.162938 0.152064 0.0141084 0.0966087
0 0.409371 0.193902 0.0195881 0.146207
0 0.401341 0.165868 0.0143966 0.107531
0 0.190092 0.15027 0.0133779 0.0958364
0 0.194926 0.150545 0.0136153 0.0953211
0 0.280853 0.171538 0.0166535 0.119453
0 0.405095 0.182016 0.0175121 0.130678
0 0.260252 0.15143 0.0128622 0.09129
0 0.117412 0.159793 0.0150495 0.108003
0 0.371147 0.167084 0.0145407 0.107052
0 0.3696 0.227091 0.0251139 0.190285
0 0.285961 0.156806 0.0133258 0.100933
0 0.205062 0.15027 0.0131855 0.0930648
0 0.288133 0.160922 0.0145997 0.105165
0 0.266862 0.151929 0.0130168 0.0931067
0 0.351862 0.174251 0.0158511 0.119307
0 0.27429 0.16944 0.0156513 0.122814
0 0.145285 0.145717 0.0133721 0.0912523
0 0.365088 0.176635 0.0172351 0.121049
