0 0.187805 0.29303 0.0423359 0.28472
0 0.118063 0.223796 0.0281687 0.192584
0 0.417968 0.230278 0.0256197 0.194259
0 0.302616 0.206855 0.0228617 0.165176
0 0.0148834 0.259011 0.0297667 0.241473
0 0.36487 0.226018 0.0253995 0.188185
0 0.433278 0.215241 0.0221794 0.172168
0 0.404352 0.195376 0.0199431 0.147792
0 0.571978 0.197547 0.0219532 0.1435
0 0.285681 0.157212 0.0142911 0.0994846
0 0.382447 0.216359 0.0230868 0.174909
0 0.234797 0.15419 0.0136857 0.0982561
0 0.403101 0.157069 0.0131428 0.0926738
0 0.447431 0.173077 0.015872 0.11541
0 0.00937553 0.257961 0.0186698 0.242451
0 0.167836 0.147702 0.0134822 0.0918262
0 0.28821 0.157455 0.0142694 0.0997697
0 0.146197 0.145948 0.0126465 0.0904238
0 0.127037 0.155469 0.0156123 0.101182
0 0.440695 0.174024 0.016033 0.113527
0 0.102482 0.15202 0.0144558 0.0976264
0 0.428647 0.218601 0.0219627 0.173273
0 0.435401 0.168913 0.0144497 0.109805
