0 0.744831 0.505076 0.0952532 0.541657
0 0.123105 0.297561 0.0439332 0.291303
0 0.578074 0.484504 0.0858805 0.523916
0 0.661726 0.314053 0.0487951 0.295527
0 0.881461 0.510586 0.105437 0.573012
0 0.431704 0.222622 0.0238914 0.181984
0 0.466009 0.217028 0.0235188 0.17221
0 0.344039 0.223786 0.0253912 0.187078
0 0.775474 0.312283 0.0513695 0.300296
0 0.0148782 0.262485 0.0297564 0.244356
0 0.232895 0.152727 0.0130069 0.0962558
0 0.0518378 0.269446 0.0394441 0.257552
0 0.158796 0.156306 0.0147617 0.102283
0 0.733429 0.31591 0.052413 0.300989
0 0.38981 0.233791 0.0274117 0.200502
0 0.838369 0.342881 0.062537 0.340369
0 0.622837 0.217784 0.0268301 0.174807
0 0.397703 0.161244 0.0139998 0.104492
0 0.406857 0.198321 0.0208073 0.147891
0 0.297108 0.161235 0.0145918 0.104942
0 0.603736 0.211974 0.0264681 0.165142
0 0.141616 0.158831 0.0159023 0.10691
0 0.218675 0.148972 0.0127689 0.0881543
0 0.30952 0.162057 0.0144213 0.103737
0 0.623447 0.277205 0.0387098 0.246997
0 0.124151 0.164508 0.0163078 0.11488
0 0.725043 0.305038 0.0480324 0.286547
0 0.190053 0.142707 0.0118338 0.0838609
0 0.46782 0.177469 0.0171621 0.122547
0 0.400638 0.163917 0.0143017 0.106831
0 0.335002 0.165242 0.0155658 0.10685
0 0.464348 0.1783 0.0167122 0.125559
0 0.292519 0.160403 0.0144153 0.101682
0 0.339504 0.205484 0.0223798 0.156331
0 0.120686 0.158077 0.015439 0.10595
0 0.175675 0.146002 0.0133994 0.0873586
0 0.383651 0.213641 0.0241706 0.171937
0 0.304676 0.160849 0.0141932 0.1007
0 0.354332 0.216674 0.0238377 0.177414
0 0.139087 0.15604 0.0149315 0.103844
0 0.350049 0.219503 0.0246733 0.180054
0 0.104796 0.150539 0.0146312 0.0943807
0 0.395808 0.23007 0.0268787 0.195172
0 0.335978 0.181486 0.0185007 0.128595
0 0.107395 0.151341 0.0149434 0.0960141
0 0.409554 0.189524 0.0183685 0.140763
