0 0.699742 0.421805 0.0705384 0.435142
0 0.122681 0.298362 0.0446106 0.293486
0 0.43101 0.222512 0.0240238 0.181593
0 0.778965 0.307956 0.0499409 0.288528
0 0.830853 0.413781 0.0766581 0.423693
0 0.299393 0.208278 0.0221476 0.165062
0 0.512085 0.343478 0.0480664 0.340549
0 0.330222 0.169711 0.0159562 0.116404
0 0.011756 0.260831 0.0231638 0.242749
0 0.890747 0.27039 0.0436193 0.234298
0 0.389866 0.232479 0.027728 0.199417
0 0.463309 0.214098 0.0225877 0.169571
0 0.369189 0.220658 0.0245382 0.180714
0 0.164437 0.146517 0.0131769 0.0905662
0 0.373353 0.217957 0.024483 0.176066
0 0.485274 0.195181 0.0192181 0.144876
0 0.397919 0.159517 0.0138185 0.101017
0 0.15109 0.150051 0.0138594 0.095041
0 0.235088 0.156332 0.0139856 0.100963
0 0.810906 0.254545 0.0393318 0.213812
0 0.914533 0.690616 0.169823 0.618767
0 0.41012 0.195314 0.0194763 0.147466
0 0.22099 0.153674 0.0132425 0.0967769
0 0.232334 0.156034 0.0141279 0.0994205
0 0.459808 0.189443 0.0192805 0.141694
0 0.124217 0.151699 0.0137746 0.0957002
0 0.846556 0.316758 0.0548355 0.298583
0 0.216054 0.153671 0.0136457 0.0978799
0 0.488338 0.192257 0.0186714 0.142681
0 0.400366 0.160422 0.0140713 0.100839
0 0.0985971 0.153959 0.0149106 0.0983276
0 0.101936 0.155372 0.0154542 0.102572
0 0.468511 0.206698 0.0216406 0.16345
0 0.403964 0.195385 0.0187382 0.147243
0 0.495208 0.182611 0.0168043 0.128906
0 0.769841 0.246667 0.0373096 0.199616
0 0.126952 0.150943 0.0142128 0.097555
0 0.463055 0.189011 0.0182852 0.13789
0 0.229913 0.155191 0.0139962 0.0985665
0 0.398517 0.170771 0.0167908 0.1147
0 0.295908 0.155835 0.0135218 0.0983439
0 0.735418 0.251995 0.0373779 0.207491
0 0.470209 0.185969 0.0176298 0.135428
0 0.227504 0.154906 0.0134995 0.0978699
0 0.846215 0.268595 0.0456348 0.231541
0 0.480503 0.195815 0.0198294 0.14483
0 0.383576 0.229443 0.0263531 0.194502
0 0.393913 0.212254 0.0229247 0.171653
0 0.399007 0.191076 0.019633 0.140378
