0 0.458559 0.375528 0.0539942 0.38821
0 0.540746 0.370142 0.0534548 0.376971
0 0.4313 0.16485 0.0149082 0.108376
0 0.941376 0.604119 0.117248 0.682042
0 0.310448 0.166577 0.0151217 0.11131
0 0.0626974 0.226791 0.0298025 0.193789
0 0.255635 0.165392 0.015069 0.111033
0 0.898608 0.632578 0.143872 0.723784
0 0.674408 0.26052 0.0365259 0.228319
0 0.14527 0.152326 0.0145271 0.0981229
0 0.23949 0.168867 0.0163215 0.114174
0 0.876986 0.635642 0.138432 0.681294
0 0.352054 0.166438 0.0154729 0.108948
0 0.191648 0.19406 0.0215177 0.152663
0 0.368991 0.167792 0.0146016 0.110854
0 0.969731 0.581993 0.0602448 0.636943
0 0.221165 0.15441 0.0135297 0.0969628
0 0.295487 0.156111 0.0134615 0.097799
0 0.384933 0.169526 0.0154355 0.113956
0 0.0155238 0.311509 0.0310476 0.316695
0 0.162754 0.152434 0.0143078 0.0979653
0 0.354862 0.166158 0.0149796 0.110813
0 0.381788 0.168666 0.0156453 0.113075
0 0.180048 0.159497 0.0154767 0.10602
0 0.2439 0.168913 0.0158856 0.115914
0 0.196128 0.194892 0.0213844 0.151906
0 0.389932 0.16278 0.0136843 0.102136
0 0.371669 0.164316 0.0141234 0.105487
0 0.388031 0.16815 0.015253 0.110768
0 0.185842 0.154557 0.01434 0.102019
0 0.010607 0.312638 0.0212141 0.301313
0 0.357713 0.16653 0.0152409 0.111503
0 0.365872 0.167195 0.0151677 0.110118
0 0.00630742 0.315219 0.0126148 0.304178
0 0.957045 0.594157 0.0847036 0.65437
0 0.191656 0.152524 0.0132319 0.0950572
0 0.242589 0.15817 0.014488 0.10237
0 0.00864752 0.360589 0.017295 0.401588
0 0.200558 0.195086 0.0220073 0.150935
0 0.413969 0.158947 0.0126656 0.0965452
