0 0.191839 0.194884 0.021752 0.152663
0 0.235126 0.146318 0.0123906 0.0878372
0 0.395585 0.158172 0.0136568 0.0978296
0 0.296289 0.167426 0.0154238 0.113325
0 0.34036 0.165443 0.0150089 0.108979
0 0.0722584 0.158305 0.0160874 0.105941
0 0.378484 0.172319 0.0155121 0.115553
0 0.293977 0.163929 0.0149757 0.108523
0 0.369592 0.167508 0.0149055 0.110275
0 0.00974496 0.303395 0.0194899 0.302056
0 0.300684 0.171516 0.0164639 0.119428
0 0.152563 0.148507 0.01319 0.092066
0 0.104686 0.152024 0.0140062 0.098003
0 0.0979026 0.158622 0.0149854 0.105289
0 0.37254 0.169057 0.0149778 0.111305
0 0.364694 0.165864 0.0141045 0.107475
0 0.413891 0.159692 0.0134579 0.0978169
0 0.183078 0.14945 0.013642 0.0945865
0 0.147751 0.148101 0.0133125 0.0912298
0 0.186886 0.149331 0.0133695 0.0939106
0 0.101537 0.154982 0.015006 0.100072
0 0.393416 0.157087 0.0133566 0.0941487
0 0.00505017 0.309372 0.0101003 0.298905
0 0.130629 0.146891 0.013903 0.0894457
0 0.0946481 0.158509 0.0156973 0.105389
0 0.410442 0.159612 0.0125198 0.0974072
0 0.378811 0.160491 0.0134047 0.101709
0 0.19113 0.150014 0.0130771 0.0932639
0 0.33727 0.164936 0.0145173 0.108271
