0 0.200043 0.288718 0.0398095 0.277679
0 0.801341 0.351206 0.0612778 0.355801
0 0.299598 0.20656 0.0221662 0.165679
0 0.723932 0.357256 0.0603683 0.359754
0 0.0968773 0.198375 0.0233457 0.15779
0 0.936569 0.363793 0.0711193 0.37683
0 0.364054 0.225613 0.0258307 0.188101
0 0.412822 0.231094 0.0266088 0.198934
0 0.135109 0.198049 0.0233167 0.157564
0 0.0143632 0.260011 0.0287264 0.240981
0 0.679942 0.232878 0.0310679 0.188356
0 0.384405 0.216622 0.0239301 0.173252
0 0.435824 0.217729 0.0225767 0.175513
0 0.284951 0.150937 0.013146 0.0916286
0 0.258296 0.151305 0.0130957 0.0926656
0 0.0100302 0.258039 0.0198296 0.240334
0 0.458731 0.185204 0.0176552 0.130848
0 0.204729 0.155102 0.0151097 0.0975139
0 0.449437 0.178074 0.0161904 0.124235
0 0.734919 0.24147 0.0346149 0.198019
0 0.446567 0.172183 0.0149829 0.116564
0 0.16653 0.146962 0.0130395 0.0924966
0 0.402547 0.165369 0.0144271 0.106369
0 0.430791 0.21517 0.0231001 0.172434
0 0.403192 0.191997 0.0183839 0.145359
0 0.196755 0.149679 0.0132262 0.0927922
0 0.462367 0.185013 0.0179605 0.13177
0 0.398933 0.162302 0.0137118 0.101959
0 0.956663 0.29025 0.0519329 0.25442
0 0.398832 0.192028 0.0188082 0.141536
0 0.406347 0.193075 0.0180938 0.149084
0 0.164243 0.148064 0.0131386 0.0917272
0 0.945371 0.287246 0.051767 0.252842
0 0.365567 0.193763 0.0201814 0.142061
0 0.431097 0.173299 0.0158331 0.117734
0 0.453096 0.182696 0.0172524 0.131067
0 0.154059 0.147417 0.0126725 0.0913369
