0 0.13171 0.294698 0.0438978 0.288569
0 0.0154837 0.258475 0.0309674 0.242702
0 0.304761 0.206977 0.023359 0.167231
0 0.375437 0.178913 0.0173142 0.125518
0 0.359172 0.219872 0.0257191 0.183703
0 0.400273 0.204465 0.0216547 0.16426
0 0.542582 0.198612 0.0215483 0.150488
0 0.455286 0.213792 0.0226574 0.174156
0 0.421491 0.228434 0.0259272 0.189195
0 0.213265 0.157087 0.0142816 0.101898
0 0.264276 0.154517 0.0132642 0.0943349
0 0.120947 0.156619 0.0150229 0.102435
0 0.233568 0.155289 0.0132813 0.0983388
0 0.481394 0.178562 0.0170088 0.122165
0 0.00942441 0.258965 0.0188083 0.24362
0 0.292989 0.151112 0.0126096 0.0901928
0 0.440344 0.180603 0.0176876 0.127796
0 0.0821462 0.158515 0.0154134 0.106813
0 0.0987641 0.158608 0.0148534 0.105277
0 0.425756 0.225177 0.0253489 0.187167
0 0.236812 0.15548 0.0135906 0.0982939
0 0.05122 0.154161 0.014996 0.101639
0 0.472311 0.182461 0.016453 0.129636
0 0.47836 0.178985 0.0168709 0.124163
0 0.464842 0.180648 0.0174602 0.128366
0 0.247625 0.154692 0.0131257 0.0970588
0 0.417694 0.218907 0.0245905 0.180976
0 0.468988 0.183155 0.0170515 0.130028
0 0.295942 0.150014 0.0135649 0.0890605
0 0.0676064 0.153353 0.0138573 0.0999393
0 0.244991 0.155468 0.0133502 0.0977246
0 0.231046 0.155471 0.0139394 0.0983499
0 0.101306 0.155576 0.0148589 0.100266
0 0.07029 0.154522 0.0151211 0.0994815
0 0.0780079 0.158252 0.0154976 0.105347
0 0.290538 0.149505 0.0126269 0.0883783
0 0.458368 0.179722 0.0171764 0.128193
0 0.446008 0.180495 0.0175961 0.128994
0 0.40417 0.207553 0.0222914 0.164419
0 0.353194 0.213395 0.0236571 0.17429
0 0.450101 0.211312 0.0223845 0.170466
