0 0.303593 0.206071 0.0228577 0.167692
0 0.558047 0.203569 0.0232597 0.151582
0 0.219833 0.157286 0.0148129 0.103811
0 0.423208 0.232447 0.0259329 0.197011
0 0.617853 0.204017 0.0242949 0.152906
0 0.367068 0.226779 0.0257378 0.189015
0 0.585969 0.200381 0.0230361 0.145031
0 0.406171 0.160439 0.0134011 0.0987167
0 0.382734 0.216839 0.0235803 0.17376
0 0.43167 0.217703 0.0226549 0.177159
0 0.427946 0.213663 0.0223722 0.17116
0 0.397292 0.197854 0.020998 0.148557
0 0.391081 0.202562 0.0221066 0.15275
0 0.425416 0.20125 0.0202964 0.15724
0 0.37753 0.217306 0.0244061 0.17397
0 0.40382 0.169969 0.0175974 0.107783
0 0.401565 0.194428 0.0196844 0.149555
0 0.422912 0.19172 0.0194271 0.144058
0 0.425273 0.175228 0.0173775 0.116897
0 0.385453 0.199877 0.0227005 0.145519
