0 0.12769 0.294633 0.0421682 0.285708
0 0.709567 0.273981 0.040876 0.240917
0 0.410037 0.196303 0.0195412 0.149443
0 0.446544 0.173293 0.015286 0.115495
0 0.026047 0.251924 0.0367637 0.235241
0 0.154897 0.17704 0.0186353 0.128015
0 0.231307 0.154302 0.0136406 0.0969928
0 0.527348 0.182336 0.0174374 0.124642
0 0.261542 0.174068 0.0180186 0.125962
0 0.307441 0.160846 0.0138237 0.10607
0 0.779113 0.267661 0.0418194 0.236436
0 0.463485 0.1822 0.0167542 0.12491
0 0.485994 0.186108 0.0178247 0.131417
0 0.28401 0.160113 0.0144972 0.103686
0 0.189238 0.14554 0.0126522 0.0901685
0 0.466631 0.182165 0.0172245 0.125097
0 0.281514 0.160462 0.0145648 0.106374
0 0.770622 0.263687 0.0396111 0.23594
0 0.258469 0.174184 0.0166945 0.1257
0 0.304917 0.15867 0.01378 0.101569
0 0.0928617 0.147319 0.0133309 0.0908444
0 0.443945 0.168046 0.0147497 0.110093
0 0.310146 0.159142 0.0138072 0.101754
0 0.259474 0.156283 0.0140725 0.0993562
0 0.269551 0.156586 0.0138594 0.0995772
0 0.314287 0.154205 0.013007 0.0932147
0 0.272465 0.157466 0.0137379 0.10026
0 0.267345 0.170036 0.0160584 0.120384
0 0.262502 0.156934 0.0143319 0.0998239
0 0.0196754 0.250652 0.0348738 0.235149
0 0.234591 0.153478 0.0135746 0.0963258
