0 0.189173 0.293095 0.0421247 0.282804
0 0.417035 0.229969 0.0257991 0.19362
0 0.302985 0.206695 0.0229304 0.166659
0 0.570422 0.196139 0.0215326 0.145216
0 0.208192 0.148411 0.013022 0.0925732
0 0.144363 0.179732 0.0195601 0.129615
0 0.433752 0.21648 0.0227835 0.173693
0 0.407241 0.195756 0.0203255 0.14741
0 0.272769 0.148573 0.0126705 0.0882649
0 0.108547 0.152786 0.0144038 0.0966492
0 0.464106 0.171084 0.014855 0.11161
0 0.368518 0.225679 0.0260209 0.187497
0 0.383397 0.216247 0.0234197 0.172426
0 0.00962909 0.304108 0.0192582 0.30521
0 0.405139 0.15945 0.0132913 0.0996794
0 0.0154214 0.256964 0.0308428 0.233425
0 0.248676 0.151003 0.0129436 0.0923355
0 0.189095 0.14895 0.0127648 0.0923415
0 0.166354 0.182163 0.0202788 0.134393
0 0.250971 0.149949 0.013273 0.0919177
0 0.443251 0.17305 0.0156096 0.116489
0 0.00696852 0.306196 0.013937 0.294776
0 0.162302 0.179658 0.0193605 0.13183
0 0.404436 0.175087 0.0162324 0.122109
0 0.439739 0.175961 0.0167727 0.116405
0 0.156079 0.147364 0.0135093 0.0900108
0 0.171059 0.15001 0.0138847 0.0925659
0 0.193563 0.147771 0.0131317 0.0930628
0 0.00963267 0.256736 0.0189856 0.232864
