0 0.18552 0.293158 0.0420925 0.283129
0 0.236161 0.209142 0.0239016 0.168703
0 0.305949 0.206629 0.0224737 0.164186
0 0.417017 0.22908 0.0259605 0.193805
0 0.276962 0.257979 0.0329062 0.236054
0 0.364159 0.226618 0.0256043 0.187719
0 0.407405 0.196551 0.0205745 0.148714
0 0.568267 0.196629 0.0210621 0.141923
0 0.384667 0.216792 0.023236 0.173652
0 0.469145 0.182024 0.0169891 0.127654
0 0.152253 0.160196 0.0161115 0.10781
0 0.20344 0.208584 0.0241848 0.167725
0 0.013723 0.261417 0.0274461 0.245711
0 0.432319 0.215288 0.0228866 0.174619
0 0.241898 0.161081 0.0151263 0.103724
0 0.319453 0.1613 0.0149167 0.103607
0 0.405792 0.159226 0.0134185 0.0996428
0 0.435983 0.219001 0.0223015 0.176483
0 0.313234 0.163131 0.0147898 0.104414
0 0.315959 0.158816 0.0134813 0.09936
0 0.357497 0.157002 0.0129169 0.0980185
0 0.406089 0.173472 0.017094 0.118134
0 0.30528 0.161592 0.0140867 0.103279
0 0.308282 0.162369 0.0142666 0.105446
0 0.00980401 0.260342 0.0191262 0.247305
0 0.371575 0.158219 0.0137533 0.0972792
0 0.23886 0.159386 0.0144218 0.103151
0 0.373861 0.159112 0.0135356 0.102281
0 0.29862 0.161782 0.0147505 0.105053
0 0.239744 0.169632 0.0193414 0.110098
