0 0.165013 0.194 0.021412 0.150081
0 0.353976 0.174056 0.0159163 0.120046
0 0.4819 0.178477 0.0158719 0.121546
0 0.147697 0.162373 0.0154746 0.112313
0 0.310059 0.162394 0.0141423 0.104183
0 0.396261 0.171069 0.0150445 0.115836
0 0.278227 0.162087 0.0150872 0.106228
0 0.333422 0.162126 0.013849 0.104735
0 0.393996 0.165113 0.0141088 0.107976
0 0.409496 0.171159 0.0155071 0.115672
0 0.0109966 0.300668 0.0219931 0.292459
0 0.198227 0.164007 0.015693 0.110454
0 0.169082 0.195926 0.0220154 0.151411
0 0.502309 0.178549 0.0165596 0.11977
0 0.201045 0.163926 0.0157565 0.110275
0 0.404117 0.17308 0.0146245 0.115073
0 0.27483 0.161611 0.0147363 0.10656
0 0.114508 0.147367 0.0132853 0.0900693
0 0.00926355 0.210902 0.0180959 0.177719
0 0.406289 0.168743 0.0153202 0.113008
0 0.00928164 0.361356 0.0185633 0.409148
0 0.312841 0.163579 0.0145894 0.104325
0 0.412797 0.170681 0.0153276 0.115533
0 0.4994 0.178205 0.0157513 0.120784
0 0.00665755 0.302639 0.0133151 0.297662
