0 0.131427 0.295847 0.0439237 0.286855
0 0.432307 0.221849 0.0238003 0.179401
0 0.464389 0.217196 0.0232298 0.171708
0 0.0118482 0.257616 0.0234186 0.242308
0 0.404201 0.228215 0.0265732 0.190993
0 0.258944 0.162123 0.0145488 0.108928
0 0.768209 0.238847 0.0336394 0.197483
0 0.713115 0.236228 0.0326382 0.195493
0 0.650044 0.218482 0.0262205 0.173421
0 0.282564 0.151406 0.0128557 0.0917563
0 0.157625 0.152242 0.01422 0.0954785
0 0.202893 0.148694 0.012811 0.0907876
0 0.256388 0.160521 0.0150251 0.105776
0 0.323135 0.175383 0.0163637 0.122629
0 0.497369 0.178061 0.016805 0.120418
0 0.365064 0.212662 0.0229122 0.167505
0 0.476776 0.175851 0.0161987 0.117341
0 0.351265 0.222603 0.0249944 0.184501
0 0.359831 0.216725 0.0235983 0.176321
0 0.436401 0.168836 0.0146834 0.109202
0 0.412724 0.199267 0.019982 0.153584
0 0.428062 0.221377 0.0232235 0.183654
0 0.1855 0.147793 0.0126168 0.0897582
0 0.390592 0.172108 0.0161558 0.116551
0 0.181752 0.148425 0.0132912 0.0909792
0 0.393629 0.166729 0.0150194 0.107767
0 0.0586161 0.156208 0.0153271 0.102656
0 0.494392 0.177969 0.0167328 0.118725
0 0.408143 0.158065 0.013517 0.0938319
0 0.355331 0.219581 0.0246005 0.180553
0 0.731301 0.232594 0.0322397 0.189438
0 0.369806 0.189471 0.0202423 0.133923
0 0.379233 0.165459 0.0146966 0.106701
0 0.16035 0.15114 0.0140791 0.0948277
0 0.0560556 0.155502 0.0150826 0.0992592
0 0.407853 0.199454 0.0209002 0.153736
0 0.386154 0.173969 0.0153409 0.120426
0 0.398213 0.205469 0.0217862 0.162775
0 0.373961 0.166155 0.0143292 0.106624
0 0.352086 0.185904 0.0182579 0.131737
0 0.404402 0.20208 0.0215916 0.156568
0 0.404245 0.159808 0.0135895 0.0955481
0 0.0474739 0.154625 0.0150019 0.0973066
0 0.383398 0.171655 0.0151906 0.115829
0 0.410918 0.171015 0.0156614 0.111755
0 0.414055 0.168596 0.0145156 0.110359
0 0.0515462 0.155341 0.0152566 0.0986629
