0 0.0373906 0.370438 0.0626849 0.397755
0 0.237094 0.369685 0.0567468 0.389532
0 0.149912 0.360218 0.0537932 0.372405
0 0.0686587 0.196164 0.0237107 0.153196
0 0.284976 0.239508 0.0292508 0.208882
0 0.415229 0.229383 0.0265038 0.194209
0 0.589658 0.231841 0.0300385 0.193846
0 0.299509 0.207698 0.0236146 0.164174
0 0.433948 0.216368 0.0231923 0.175764
0 0.547017 0.230155 0.0284472 0.18829
0 0.105032 0.280818 0.0394712 0.272934
0 0.38313 0.216474 0.0241808 0.173136
0 0.229794 0.156271 0.014582 0.101497
0 0.369207 0.225737 0.0261097 0.188682
0 0.326875 0.161052 0.0139087 0.102038
0 0.983138 0.414414 0.0336155 0.442718
0 0.210738 0.154273 0.0140542 0.0987652
0 0.153077 0.180554 0.0195419 0.133269
0 0.430601 0.17165 0.0164057 0.11565
0 0.322841 0.159853 0.0140023 0.103007
0 0.356377 0.161791 0.0142359 0.10037
0 0.364746 0.224823 0.0253015 0.187379
0 0.460714 0.173585 0.0161119 0.119069
0 0.389615 0.172458 0.0165864 0.116105
0 0.320178 0.161431 0.0146734 0.103724
0 0.155431 0.170389 0.0200145 0.122286
0 0.376619 0.217329 0.0251383 0.17392
0 0.398078 0.172627 0.0154225 0.114786
0 0.143976 0.279197 0.0386162 0.267735
0 0.130708 0.2494 0.0333247 0.226793
0 0.430676 0.192602 0.020764 0.144196
0 0.393342 0.170291 0.0158374 0.112112
0 0.388393 0.204987 0.0222517 0.157946
0 0.401151 0.171883 0.0160259 0.115166
0 0.150137 0.285597 0.0397729 0.270749
