0 0.185476 0.293118 0.0421287 0.285584
0 0.303331 0.206836 0.0227185 0.165528
0 0.36389 0.225958 0.0260554 0.189107
0 0.382061 0.215479 0.0230889 0.171971
0 0.270398 0.154098 0.013776 0.0968651
0 0.232481 0.155263 0.0138279 0.0987247
0 0.414947 0.229957 0.0258685 0.192083
0 0.431771 0.216557 0.0225458 0.176478
0 0.253224 0.155181 0.0137115 0.0988069
0 0.560847 0.197518 0.0215266 0.144161
0 0.406354 0.195697 0.0203565 0.147838
0 0.403161 0.155717 0.0125517 0.093437
0 0.17807 0.145496 0.012952 0.0883168
0 0.266631 0.154505 0.0135053 0.0956432
0 0.404567 0.173607 0.0161126 0.120631
0 0.235032 0.154588 0.0138975 0.0986765
0 0.419322 0.223249 0.0243021 0.179857
