0 0.967578 0.36241 0.0636812 0.368858
0 0.19943 0.288519 0.0396203 0.27696
0 0.699209 0.337527 0.0535315 0.325054
0 0.299024 0.207041 0.0222723 0.165908
0 0.364396 0.225937 0.0259431 0.188981
0 0.0904715 0.196495 0.0229611 0.153946
0 0.767296 0.329007 0.0559083 0.320283
0 0.129879 0.195978 0.0224281 0.153731
0 0.890165 0.345163 0.0651726 0.34322
0 0.413007 0.232293 0.02582 0.196763
0 0.0139879 0.259166 0.0279758 0.242577
0 0.434201 0.217419 0.0228139 0.174646
0 0.383437 0.216878 0.0234535 0.172284
0 0.466172 0.187883 0.018162 0.134127
0 0.258651 0.151475 0.0131205 0.0930082
0 0.284944 0.151041 0.0131407 0.0913565
0 0.190273 0.151101 0.0139808 0.0933968
0 0.00961829 0.259301 0.0191272 0.242494
0 0.192929 0.148765 0.0132263 0.0929976
0 0.404962 0.186365 0.0181438 0.136995
0 0.403758 0.169102 0.0156494 0.111113
0 0.350402 0.175038 0.0173819 0.122363
0 0.691951 0.232605 0.0316829 0.181617
0 0.469811 0.185666 0.0172457 0.134459
0 0.744444 0.235445 0.0318787 0.186336
0 0.353474 0.180471 0.0176079 0.12725
0 0.160107 0.147513 0.0126911 0.0903871
0 0.430192 0.218396 0.0231238 0.176366
0 0.0586188 0.156401 0.0163091 0.107437
0 0.17914 0.14808 0.0131267 0.0923209
0 0.173348 0.149423 0.0131517 0.0933165
0 0.166072 0.147161 0.0128504 0.0913657
0 0.163079 0.147296 0.0130717 0.0909694
0 0.357644 0.185952 0.0188743 0.135945
0 0.361761 0.196591 0.0197014 0.148056
0 0.156942 0.146132 0.0128925 0.0909634
0 0.182488 0.147897 0.0136072 0.0912799
