0 0.0228215 0.320579 0.045381 0.323921
0 0.733579 0.264659 0.0400558 0.234515
0 0.156083 0.165336 0.0153716 0.112394
0 0.195244 0.194989 0.021458 0.149698
0 0.095181 0.167804 0.0173108 0.120355
0 0.70485 0.25123 0.036458 0.221769
0 0.342058 0.197809 0.0209033 0.155325
0 0.383926 0.170279 0.0154295 0.11755
0 0.305939 0.201248 0.0224413 0.158756
0 0.357075 0.163762 0.0147422 0.108484
0 0.650959 0.247448 0.0333286 0.211615
0 0.435688 0.170343 0.015358 0.113294
0 0.359878 0.165031 0.0144016 0.105673
0 0.091611 0.166909 0.0174263 0.117871
0 0.639994 0.245667 0.031917 0.206322
0 0.332524 0.163873 0.0145465 0.105071
0 0.228794 0.173533 0.0171771 0.123013
0 0.256552 0.165345 0.0154006 0.112395
0 0.252951 0.169814 0.0163014 0.118157
0 0.488825 0.179028 0.0165123 0.122717
0 0.278706 0.16984 0.0158964 0.116955
0 0.381235 0.170901 0.0150993 0.117842
0 0.431026 0.170786 0.0146055 0.112798
0 0.330121 0.171224 0.0151749 0.118358
0 0.213485 0.169568 0.0169768 0.118467
0 0.298767 0.170934 0.0158249 0.118274
0 0.334764 0.167617 0.0161044 0.110567
0 0.281687 0.171263 0.0164832 0.11856
0 0.302365 0.171306 0.016721 0.117839
0 0.231878 0.172567 0.0174121 0.123427
0 0.209742 0.169222 0.0162471 0.117999
0 0.206113 0.166463 0.0167641 0.113851
0 0.216864 0.167315 0.016272 0.11498
0 0.273957 0.168563 0.015682 0.116747
0 0.346093 0.162797 0.0143161 0.103629
0 0.221787 0.170499 0.0162058 0.119596
0 0.258999 0.170513 0.0164602 0.122112
0 0.249146 0.173403 0.0161229 0.123716
0 0.343518 0.163798 0.0140458 0.103916
0 0.43851 0.170283 0.0149862 0.113046
0 0.491709 0.179427 0.0166529 0.121815
0 0.243478 0.172902 0.0162253 0.125024
