0 0.132049 0.29501 0.0442946 0.288611
0 0.445416 0.215212 0.0227936 0.168619
0 0.373801 0.214607 0.0229206 0.171322
0 0.283071 0.195442 0.021111 0.149643
0 0.421088 0.229844 0.0254807 0.187674
0 0.0129157 0.257274 0.0258314 0.240714
0 0.198249 0.158886 0.0148371 0.105666
0 0.355736 0.161349 0.0142812 0.0993583
0 0.317353 0.164531 0.0145936 0.10561
0 0.0092081 0.255347 0.0182528 0.241701
0 0.371989 0.176302 0.0169623 0.122429
0 0.230899 0.152866 0.0135513 0.0951185
0 0.299147 0.164382 0.0143884 0.110872
0 0.398601 0.205518 0.0222738 0.161109
0 0.136029 0.158106 0.0152233 0.106866
0 0.444281 0.169347 0.0154756 0.110531
0 0.412948 0.16559 0.0143589 0.105041
0 0.358714 0.160371 0.0140735 0.100934
0 0.336386 0.163662 0.0140947 0.10395
0 0.164942 0.162181 0.0154662 0.1126
0 0.107251 0.157021 0.0159832 0.107888
0 0.287815 0.161475 0.0150973 0.108289
0 0.170147 0.162544 0.0158086 0.110125
0 0.284838 0.163752 0.0150144 0.111987
0 0.176965 0.161262 0.0155737 0.109806
0 0.194727 0.159241 0.015221 0.104679
0 0.301581 0.163373 0.0154789 0.106692
0 0.410778 0.169262 0.0149061 0.113089
0 0.403985 0.209313 0.0218402 0.161389
0 0.233831 0.15201 0.0134032 0.0965271
0 0.397426 0.18395 0.0188134 0.131122
0 0.424889 0.221583 0.0241755 0.179448
0 0.414613 0.211389 0.0225803 0.165934
0 0.329286 0.161068 0.0131939 0.0998408
0 0.339759 0.163312 0.0142746 0.104433
0 0.162176 0.161465 0.0153161 0.110332
0 0.314156 0.165539 0.0152028 0.108291
