0 0.87554 0.384021 0.0736301 0.386418
0 0.322214 0.163772 0.0140512 0.109734
0 0.297968 0.160047 0.0140996 0.105347
0 0.271591 0.149728 0.0126038 0.0902459
0 0.11689 0.160703 0.016137 0.109277
0 0.223711 0.156424 0.0142001 0.100787
0 0.361106 0.166123 0.0151564 0.110534
0 0.197508 0.194732 0.0215531 0.151584
0 0.169764 0.151369 0.0139334 0.0987217
0 0.396235 0.156847 0.0128877 0.0961292
0 0.377956 0.174557 0.01665 0.119846
0 0.136961 0.158388 0.0156058 0.108499
0 0.458816 0.174148 0.0155723 0.115378
0 0.193411 0.193188 0.0211995 0.151948
0 0.0133226 0.308086 0.0266452 0.315343
0 0.380105 0.159236 0.0136337 0.0988686
0 0.319794 0.16268 0.0145537 0.10595
0 0.152679 0.146942 0.0129454 0.0907959
0 0.0096104 0.30738 0.0192208 0.303755
0 0.219058 0.153373 0.013901 0.0959645
0 0.188166 0.155192 0.0150891 0.101802
0 0.205937 0.146913 0.0126605 0.0888053
0 0.412118 0.158607 0.0132528 0.0955813
0 0.131243 0.153757 0.0147617 0.102824
0 0.3722 0.162018 0.013567 0.103018
0 0.203822 0.148347 0.0126498 0.0910169
0 0.374365 0.17397 0.0162533 0.121042
0 0.190614 0.153297 0.014403 0.0972986
0 0.39283 0.157442 0.0135115 0.0963422
0 0.00546443 0.31378 0.0109289 0.309101
