0 0.27204 0.169473 0.0157289 0.116752
0 0.190378 0.195264 0.0222345 0.153834
0 0.397081 0.156207 0.0132353 0.0956292
0 0.296133 0.163729 0.0145749 0.108051
0 0.394392 0.157474 0.0132429 0.0986496
0 0.334896 0.166344 0.0148921 0.109874
0 0.0135635 0.303444 0.027127 0.303369
0 0.0608683 0.157111 0.0154844 0.104153
0 0.223577 0.144973 0.0121284 0.0849693
0 0.318506 0.157903 0.0137202 0.0954297
0 0.369534 0.164424 0.0147514 0.106919
0 0.362724 0.16478 0.0144548 0.105162
0 0.0826144 0.156517 0.0148747 0.101199
0 0.142259 0.147445 0.0127439 0.090042
0 0.508156 0.178583 0.0169554 0.122072
0 0.29272 0.161658 0.0145617 0.104537
0 0.348137 0.170309 0.0154213 0.113595
0 0.0091414 0.303942 0.0181528 0.297974
0 0.00515459 0.310298 0.0103092 0.29853
0 0.351873 0.170417 0.0162461 0.112638
0 0.180917 0.14934 0.0136468 0.0932169
0 0.0960262 0.149092 0.0137663 0.0927627
0 0.151794 0.146429 0.0127687 0.0890494
0 0.186617 0.14967 0.0137751 0.0949094
0 0.345112 0.169104 0.0150761 0.112844
0 0.392212 0.159739 0.012773 0.0991374
0 0.154242 0.146615 0.013519 0.0904259
0 0.0798357 0.155203 0.0153801 0.101836
0 0.183694 0.150122 0.0140072 0.0943557
0 0.139272 0.146206 0.0134407 0.0892863
0 0.359436 0.165667 0.0142458 0.109114
0 0.0349685 0.176613 0.0213424 0.123984
0 0.092891 0.149928 0.0143971 0.0955811
