0 0.1799 0.213414 0.0255443 0.175241
0 0.213493 0.208676 0.0240466 0.170499
0 0.0751093 0.184146 0.0204118 0.140392
0 0.422651 0.195726 0.0198467 0.14983
0 0.13401 0.16435 0.0163116 0.114154
0 0.280653 0.166396 0.0151936 0.111754
0 0.230726 0.159711 0.0150505 0.105211
0 0.443404 0.172923 0.0151581 0.115754
0 0.382678 0.164625 0.0148032 0.107519
0 0.0200836 0.252673 0.0368171 0.232192
0 0.446532 0.172727 0.0154787 0.118367
0 0.472684 0.176341 0.0157576 0.119068
0 0.251369 0.160202 0.0143587 0.104092
0 0.419182 0.194851 0.0191294 0.151236
0 0.321938 0.160751 0.0142198 0.104408
0 0.483952 0.176711 0.0162294 0.1202
0 0.00843948 0.300448 0.0164507 0.303143
0 0.210794 0.16348 0.0161314 0.111019
0 0.234469 0.159519 0.0148161 0.105859
0 0.379816 0.164272 0.0147416 0.107642
0 0.314991 0.159143 0.0137617 0.101256
0 0.394712 0.164075 0.0143864 0.106555
0 0.390475 0.15969 0.0137473 0.0989814
0 0.477753 0.175291 0.01664 0.119359
0 0.412462 0.178161 0.0167736 0.126193
0 0.0270394 0.252848 0.0348331 0.236191
0 0.440307 0.173088 0.0146583 0.117445
0 0.312486 0.159182 0.0139156 0.100705
0 0.20761 0.164862 0.0164247 0.11335
0 0.217477 0.156986 0.0140389 0.103176
0 0.385765 0.165267 0.0138143 0.106179
0 0.00644612 0.323191 0.0124783 0.257993
0 0.416373 0.181145 0.0168532 0.129008
0 0.289494 0.16176 0.0146791 0.104614
0 0.222692 0.15709 0.0137114 0.102415
0 0.283352 0.165556 0.0156145 0.110051
