0 0.300655 0.209695 0.0227736 0.165988
0 0.0859264 0.240245 0.0323212 0.217397
0 0.516403 0.22117 0.0250041 0.177205
0 0.560404 0.219848 0.0265795 0.173126
0 0.716245 0.226071 0.0309104 0.182128
0 0.627285 0.215929 0.0267622 0.171333
0 0.0500448 0.183781 0.0209694 0.141536
0 0.366392 0.227265 0.0256337 0.187321
0 0.432382 0.230904 0.025294 0.191366
0 0.406305 0.176789 0.0163946 0.11828
0 0.384827 0.216445 0.022646 0.176901
0 0.432226 0.170874 0.0154613 0.115068
0 0.388517 0.202822 0.0213542 0.152923
0 0.430871 0.210369 0.0217443 0.168625
0 0.40277 0.17642 0.0170981 0.122648
0 0.371892 0.164089 0.0143008 0.105616
0 0.431582 0.181316 0.0193332 0.125455
0 0.080305 0.24095 0.0319206 0.217439
0 0.391618 0.197358 0.0201273 0.149111
0 0.401321 0.193796 0.0186519 0.146273
0 0.0848805 0.183462 0.0206901 0.14309
0 0.427109 0.229298 0.0250227 0.192328
0 0.388087 0.166606 0.0149575 0.106227
0 0.366712 0.194403 0.0199648 0.142791
0 0.372775 0.179845 0.0176545 0.131695
0 0.373055 0.196033 0.0201499 0.151889
0 0.390973 0.16746 0.0145862 0.109128
