0 0.24088 0.260341 0.034255 0.236883
0 0.193889 0.28959 0.0401112 0.280689
0 0.894748 0.391777 0.0758598 0.40239
0 0.792122 0.38554 0.0708828 0.397226
0 0.36409 0.224797 0.0251284 0.187279
0 0.433786 0.217976 0.0231424 0.175777
0 0.0153016 0.260224 0.0306031 0.244045
0 0.411537 0.231889 0.0266093 0.196078
0 0.299206 0.204712 0.0232483 0.165401
0 0.257226 0.152651 0.0136598 0.0930836
0 0.580787 0.191517 0.0203403 0.138295
0 0.318648 0.267749 0.0334329 0.247894
0 0.384534 0.21758 0.024068 0.17389
0 0.190343 0.158828 0.0155138 0.102553
0 0.282762 0.152912 0.0133672 0.0926042
0 0.313379 0.15507 0.0133571 0.0929147
0 0.326333 0.195282 0.0197657 0.154195
0 0.401578 0.162736 0.0140738 0.101236
0 0.0103183 0.259901 0.0205282 0.245365
0 0.429461 0.216121 0.0239407 0.175809
0 0.405592 0.196282 0.0203878 0.148837
0 0.339281 0.160983 0.0142738 0.0990253
0 0.384567 0.161369 0.0134594 0.0991515
0 0.327154 0.164383 0.0157683 0.101799
0 0.402912 0.183847 0.0179806 0.132754
0 0.315991 0.156938 0.0139588 0.0936756
0 0.37121 0.224003 0.0254365 0.186759
0 0.387247 0.158283 0.0140841 0.0927586
0 0.347537 0.19651 0.0198071 0.151918
0 0.341467 0.169197 0.0171219 0.109833
