0 0.0341444 0.296076 0.0465994 0.30028
0 0.300503 0.20714 0.0228505 0.167284
0 0.976628 0.390907 0.0467447 0.397265
0 0.775253 0.31102 0.0516022 0.292892
0 0.84541 0.333882 0.0584831 0.323062
0 0.688 0.268179 0.0385168 0.23321
0 0.413073 0.231688 0.0264768 0.197493
0 0.636283 0.266758 0.0370953 0.234773
0 0.655847 0.280553 0.0403147 0.255246
0 0.748898 0.283245 0.0424084 0.253575
0 0.375682 0.226297 0.0260136 0.191876
0 0.434151 0.218262 0.0233835 0.1786
0 0.185572 0.15467 0.014207 0.0987941
0 0.290589 0.165096 0.0155542 0.11294
0 0.449352 0.174096 0.0160849 0.117901
0 0.359801 0.157051 0.0133884 0.097294
0 0.429894 0.216298 0.0237684 0.174283
0 0.29467 0.163129 0.014683 0.111005
0 0.411744 0.194186 0.0194725 0.150356
0 0.379882 0.218846 0.0249733 0.180242
0 0.310298 0.166271 0.0156052 0.114319
0 0.755468 0.238235 0.0342197 0.188671
0 0.833521 0.323053 0.0550102 0.307516
0 0.0453 0.154679 0.0156713 0.100962
0 0.371691 0.212117 0.0233164 0.167937
0 0.30606 0.167643 0.0148142 0.116498
0 0.00834842 0.257037 0.0164966 0.227893
0 0.384422 0.21555 0.0245058 0.175965
0 0.188156 0.154515 0.0140894 0.0996829
0 0.646211 0.27195 0.03762 0.240843
0 0.302325 0.167367 0.0155649 0.116336
0 0.453563 0.173493 0.0160218 0.116602
0 0.389161 0.207274 0.0218289 0.162128
0 0.376587 0.160962 0.0141172 0.101895
0 0.746434 0.240678 0.0356158 0.192134
