0 0.118576 0.295951 0.0432264 0.288797
0 0.299993 0.207165 0.0228306 0.165899
0 0.77958 0.308313 0.048959 0.2898
0 0.37978 0.484849 0.0736918 0.523959
0 0.0143 0.257867 0.0286001 0.243905
0 0.957193 0.307616 0.054731 0.28861
0 0.963473 0.651925 0.0730548 0.69615
0 0.736657 0.244735 0.034614 0.198596
0 0.247976 0.161761 0.0147874 0.108786
0 0.846935 0.336655 0.0603329 0.323864
0 0.413094 0.231116 0.0261126 0.198224
0 0.686974 0.238941 0.0330019 0.197542
0 0.43225 0.214551 0.0228326 0.173407
0 0.832388 0.323959 0.0562244 0.308809
0 0.650017 0.227378 0.0292543 0.183972
0 0.169718 0.150124 0.0138961 0.0956191
0 0.373825 0.217449 0.0245184 0.175317
0 0.130788 0.145687 0.01308 0.0902651
0 0.387651 0.215997 0.0243427 0.174317
0 0.400702 0.16 0.0137599 0.0982263
0 0.918134 0.28729 0.0512159 0.25789
0 0.185954 0.14627 0.0123735 0.0888159
0 0.975291 0.646467 0.0494184 0.707066
0 0.107445 0.149546 0.0142226 0.0955107
0 0.104751 0.14668 0.0137232 0.0950875
0 0.00875648 0.255559 0.017513 0.243757
0 0.863688 0.295488 0.0503346 0.272931
0 0.167307 0.149941 0.0134263 0.0959817
0 0.399311 0.190833 0.018872 0.146267
0 0.436733 0.216079 0.0228427 0.171158
0 0.401448 0.179929 0.0173777 0.128112
0 0.396426 0.161399 0.0139991 0.101131
0 0.840317 0.29173 0.0493298 0.265354
0 0.381652 0.157743 0.0135798 0.095052
0 0.373127 0.181695 0.0178041 0.133369
0 0.380355 0.217336 0.0245422 0.176467
0 0.398683 0.163651 0.0139213 0.103274
0 0.373359 0.161898 0.0137759 0.101058
0 0.388435 0.159089 0.0136146 0.0994073
0 0.110155 0.148489 0.0140651 0.0953607
0 0.405214 0.194221 0.0197691 0.146674
0 0.393058 0.203847 0.0221562 0.157891
0 0.656261 0.228593 0.0289767 0.186314
0 0.379328 0.158682 0.0135075 0.0955906
