0 0.185449 0.292766 0.0419327 0.285311
0 0.536044 0.228642 0.0261136 0.185265
0 0.885808 0.323283 0.0561914 0.306302
0 0.832278 0.325647 0.054742 0.306814
0 0.304286 0.207121 0.022651 0.164411
0 0.363231 0.225369 0.0258986 0.187196
0 0.0151521 0.259717 0.0302697 0.245825
0 0.434185 0.2188 0.0222517 0.176326
0 0.254424 0.163033 0.0149645 0.109635
0 0.413194 0.229675 0.0252621 0.191922
0 0.321176 0.160322 0.0148932 0.105301
0 0.385191 0.214074 0.023202 0.168122
0 0.194938 0.179413 0.018665 0.130419
0 0.58525 0.19558 0.0208561 0.140482
0 0.462036 0.181119 0.0175241 0.125398
0 0.397334 0.158016 0.0131085 0.0980477
0 0.487153 0.239541 0.0268202 0.201384
0 0.408502 0.193208 0.0195259 0.144212
0 0.222663 0.148111 0.0125316 0.0865214
0 0.911234 0.274645 0.0450848 0.244311
0 0.492631 0.242048 0.0277315 0.204145
0 0.92045 0.274043 0.0460197 0.244521
0 0.220243 0.147774 0.0129451 0.087814
0 0.172714 0.188457 0.0199979 0.144838
0 0.404825 0.192768 0.0190899 0.146087
0 0.464872 0.183183 0.0173041 0.125506
0 0.010663 0.259169 0.0207341 0.24408
0 0.400443 0.167303 0.0148393 0.108397
0 0.169349 0.170109 0.017986 0.118651
0 0.317784 0.162383 0.0156504 0.10589
0 0.39291 0.169441 0.0161648 0.109098
0 0.215234 0.146352 0.0129434 0.0893245
