0 0.367045 0.230534 0.0272214 0.192844
0 0.419326 0.233091 0.0271809 0.195594
0 0.0318505 0.253877 0.0368193 0.235884
0 0.330074 0.177831 0.0166425 0.125654
0 0.296035 0.156731 0.0135173 0.0974938
0 0.144767 0.162389 0.0155956 0.109718
0 0.229677 0.161062 0.014729 0.105147
0 0.453345 0.186119 0.0182817 0.133192
0 0.198497 0.168331 0.0163799 0.117644
0 0.0115281 0.300748 0.0230563 0.29988
0 0.399937 0.167099 0.0150255 0.1103
0 0.333071 0.178353 0.0178442 0.125214
0 0.377639 0.171338 0.0158319 0.114617
0 0.437675 0.18115 0.0167052 0.126628
0 0.347669 0.169382 0.0159163 0.11376
0 0.503924 0.179734 0.0167131 0.122275
0 0.432299 0.168345 0.0146726 0.110275
0 0.141677 0.163138 0.0159417 0.108168
0 0.00657752 0.306532 0.013155 0.293275
0 0.430268 0.174171 0.0156851 0.117272
0 0.433913 0.180703 0.0175089 0.127572
0 0.402332 0.164823 0.0140104 0.107368
0 0.507128 0.179693 0.017058 0.122897
0 0.344303 0.172631 0.0165714 0.12046
0 0.350598 0.171587 0.0155685 0.117228
