0 0.302943 0.206666 0.0228525 0.166886
0 0.598527 0.202666 0.0229116 0.149892
0 0.412622 0.23162 0.0259224 0.196206
0 0.558606 0.2006 0.0218406 0.146661
0 0.232277 0.153839 0.0138283 0.0993111
0 0.371518 0.22563 0.0260302 0.188652
0 0.431568 0.218128 0.0228387 0.177078
0 0.402733 0.156872 0.0127286 0.0932916
0 0.588127 0.198522 0.0214987 0.141985
0 0.404802 0.173257 0.0171659 0.117576
0 0.375486 0.220366 0.0258022 0.1778
0 0.165611 0.143775 0.0124982 0.0878495
0 0.40646 0.196299 0.0190734 0.153649
0 0.145569 0.144628 0.0129183 0.0898672
0 0.380742 0.219532 0.0244472 0.178813
0 0.431546 0.177646 0.0165236 0.123022
0 0.00888725 0.331872 0.0177745 0.354068
0 0.432947 0.195926 0.0203091 0.148021
0 0.290861 0.145545 0.0111682 0.0823561
0 0.383948 0.20979 0.023116 0.163484
0 0.584088 0.199406 0.0223618 0.145426
0 0.386839 0.200757 0.0215689 0.150181
0 0.426484 0.21303 0.022303 0.166394
0 0.00560987 0.263104 0.01091 0.256194
