0 0.113638 0.303214 0.0438542 0.286653
0 0.950649 0.334584 0.060936 0.318371
0 0.685633 0.37583 0.0629588 0.371924
0 0.0152934 0.258426 0.0305868 0.243138
0 0.30042 0.207747 0.0222906 0.163969
0 0.657894 0.397741 0.0652878 0.414464
0 0.851886 0.341529 0.0584305 0.330141
0 0.75077 0.398104 0.0691274 0.409824
0 0.344815 0.163014 0.0145269 0.106929
0 0.820025 0.329785 0.0548048 0.312927
0 0.323371 0.162203 0.0144541 0.106546
0 0.374143 0.226188 0.0255552 0.188527
0 0.900838 0.294419 0.0501532 0.262365
0 0.279802 0.158675 0.0142359 0.102302
0 0.446608 0.179377 0.0173399 0.123071
0 0.412274 0.232209 0.0265529 0.197257
0 0.248965 0.157817 0.0140992 0.103025
0 0.435214 0.216984 0.0235369 0.176675
0 0.082364 0.166336 0.0166244 0.117785
0 0.166828 0.157688 0.0147826 0.103392
0 0.0512495 0.164285 0.0162575 0.113347
0 0.401991 0.163637 0.0142886 0.105127
0 0.210119 0.151012 0.0131594 0.0916275
0 0.370169 0.161807 0.0137678 0.104438
0 0.826593 0.282344 0.0457016 0.252037
0 0.262527 0.150014 0.0126083 0.0909785
0 0.380407 0.218756 0.0250338 0.177798
0 0.0102394 0.256517 0.0204705 0.2427
0 0.372943 0.164112 0.0146735 0.108199
0 0.207714 0.14963 0.0133492 0.0918881
0 0.761711 0.369699 0.0627007 0.37193
0 0.439161 0.213762 0.0226396 0.175242
0 0.138124 0.146102 0.013132 0.0860855
0 0.376544 0.163066 0.0144212 0.106855
0 0.43066 0.2134 0.0229351 0.171196
0 0.769153 0.321357 0.0552511 0.298901
0 0.404871 0.165701 0.0153457 0.108935
0 0.387084 0.216836 0.0239933 0.172647
