0 0.18715 0.293002 0.0426464 0.282678
0 0.303635 0.206978 0.0225925 0.165539
0 0.416954 0.228476 0.0256248 0.191827
0 0.367203 0.225008 0.0263523 0.189582
0 0.382803 0.214743 0.0231626 0.171097
0 0.276527 0.160479 0.0147622 0.105864
0 0.559946 0.197223 0.0214737 0.144116
0 0.436331 0.22051 0.0230225 0.17719
0 0.447134 0.193833 0.0200001 0.142496
0 0.406737 0.19556 0.020274 0.147882
0 0.197819 0.147949 0.0130179 0.0909845
0 0.402968 0.160436 0.0133594 0.0987534
0 0.15658 0.14774 0.012707 0.0911839
0 0.30851 0.16351 0.0149414 0.107232
0 0.120795 0.146839 0.0130664 0.0905327
0 0.00569017 0.263676 0.0109722 0.258553
0 0.00827459 0.264001 0.0165492 0.259063
0 0.279113 0.16003 0.0145788 0.104224
0 0.44226 0.203189 0.0205029 0.157835
0 0.304074 0.162641 0.0147408 0.10606
0 0.2988 0.160745 0.014492 0.104749
0 0.293469 0.161588 0.0148426 0.105892
0 0.200391 0.148139 0.0131054 0.0905667
0 0.370594 0.205516 0.0220253 0.15857
0 0.158984 0.148402 0.0129853 0.090766
0 0.106305 0.1471 0.0132708 0.0926455
0 0.377839 0.214778 0.0233951 0.171357
0 0.422406 0.224714 0.0249268 0.187289
