0 0.192299 0.289411 0.0403471 0.278303
0 0.419577 0.312852 0.041506 0.31607
0 0.31071 0.300746 0.0418429 0.286864
0 0.0137614 0.261486 0.0272068 0.240446
0 0.913718 0.273198 0.0444084 0.242156
0 0.363924 0.225488 0.0251272 0.188064
0 0.679821 0.228972 0.0297234 0.184191
0 0.584506 0.192152 0.0205538 0.141365
0 0.247842 0.161986 0.0151798 0.107182
0 0.466933 0.174643 0.0158047 0.119305
0 0.118796 0.14714 0.0121017 0.0867456
0 0.0983445 0.15525 0.0146914 0.0995328
0 0.38515 0.219696 0.0243703 0.179925
0 0.438142 0.172214 0.0152772 0.114261
0 0.272705 0.155792 0.0133833 0.0965121
0 0.40837 0.201034 0.0219517 0.157711
0 0.288541 0.176521 0.0173897 0.126929
0 0.294865 0.18167 0.0193061 0.130042
0 0.0955726 0.154307 0.0142857 0.0954794
0 0.285566 0.158677 0.0138663 0.0988522
0 0.384401 0.163916 0.0149176 0.10494
0 0.436456 0.207753 0.0224098 0.172754
0 0.432715 0.215179 0.0234738 0.173423
0 0.437849 0.188328 0.0202707 0.138034
0 0.299552 0.183006 0.0194767 0.132714
0 0.255719 0.154315 0.0132051 0.0968561
0 0.425471 0.220701 0.025308 0.180333
0 0.281982 0.155404 0.0139236 0.0949367
0 0.253083 0.160858 0.0145237 0.104932
0 0.404665 0.201575 0.0206293 0.155499
0 0.267189 0.155766 0.0135477 0.0968035
0 0.673277 0.227115 0.0287786 0.185731
0 0.435534 0.169602 0.0156794 0.111577
0 0.279164 0.155762 0.0135292 0.0945921
0 0.260783 0.155569 0.0140043 0.0987154
