0 0.118856 0.198287 0.0225983 0.156805
0 0.729764 0.243934 0.0342098 0.202351
0 0.419152 0.229263 0.0259838 0.19425
0 0.264679 0.19899 0.0216524 0.155503
0 0.300881 0.209194 0.0225138 0.165759
0 0.563689 0.225838 0.0280341 0.181459
0 0.369546 0.224435 0.0258001 0.187187
0 0.0711665 0.210413 0.0267172 0.175058
0 0.46051 0.173456 0.0158947 0.116402
0 0.677674 0.232147 0.0308642 0.187852
0 0.541467 0.232097 0.0280696 0.190497
0 0.482819 0.174226 0.0160356 0.115283
0 0.276599 0.19788 0.0217868 0.155222
0 0.528343 0.2195 0.0252275 0.176183
0 0.280325 0.196691 0.0210544 0.154312
0 0.432504 0.218233 0.0226473 0.1801
0 0.38428 0.215267 0.0228671 0.17416
0 0.388087 0.209028 0.021978 0.163239
0 0.402517 0.166304 0.0152435 0.107291
0 0.523156 0.185233 0.0191011 0.126181
0 0.437938 0.171086 0.0152941 0.113992
0 0.365253 0.202921 0.021527 0.154705
0 0.295897 0.210323 0.0232844 0.168204
0 0.391589 0.20021 0.0209037 0.152929
0 0.525161 0.209712 0.0235939 0.162555
0 0.27033 0.198954 0.0218567 0.155918
0 0.40376 0.190065 0.0175853 0.144658
0 0.43496 0.170396 0.0154239 0.112735
0 0.426962 0.221458 0.0235355 0.179837
0 0.672294 0.229747 0.03099 0.186845
0 0.372351 0.165783 0.0146208 0.106669
0 0.365187 0.223408 0.0244923 0.186137
0 0.457494 0.173089 0.0152531 0.116927
0 0.479447 0.173422 0.014932 0.11736
0 0.379592 0.216814 0.0240723 0.173156
0 0.407674 0.196349 0.0189454 0.152263
0 0.536185 0.225767 0.0265718 0.185435
0 0.36931 0.201201 0.021097 0.157955
