0 0.185742 0.293304 0.0416959 0.282907
0 0.967354 0.357096 0.0632717 0.352371
0 0.892764 0.356171 0.065575 0.357039
0 0.502584 0.233944 0.0272515 0.19564
0 0.304676 0.207158 0.022648 0.164002
0 0.363571 0.225666 0.0251848 0.188704
0 0.0150594 0.260768 0.0301188 0.244189
0 0.252526 0.178627 0.0180055 0.128654
0 0.232149 0.181814 0.018962 0.133233
0 0.585147 0.193685 0.0215588 0.142565
0 0.917931 0.269383 0.0440956 0.240441
0 0.432431 0.215728 0.0226526 0.178864
0 0.384701 0.216768 0.0245094 0.170451
0 0.41372 0.234043 0.026703 0.196485
0 0.482543 0.173916 0.0152719 0.117031
0 0.348921 0.168306 0.0154108 0.112769
0 0.176815 0.149844 0.0135458 0.0926525
0 0.422789 0.23979 0.0267076 0.207364
0 0.203398 0.147061 0.0117566 0.0862479
0 0.428831 0.242643 0.0269945 0.207784
0 0.372705 0.164236 0.0135418 0.105563
0 0.303632 0.158528 0.013288 0.103122
0 0.00977738 0.259774 0.0192994 0.243303
0 0.390409 0.159046 0.0128382 0.0980469
0 0.255815 0.178637 0.0173461 0.128938
0 0.19849 0.146342 0.012461 0.0866881
0 0.351569 0.168235 0.0140656 0.113722
0 0.36735 0.175945 0.0176581 0.119829
