0 0.101333 0.297349 0.0420053 0.2856
0 0.41067 0.196703 0.0196659 0.148036
0 0.695579 0.249959 0.0345848 0.212089
0 0.0219341 0.252663 0.0346696 0.23172
0 0.0669598 0.180888 0.020374 0.138995
0 0.276453 0.168523 0.0159847 0.114499
0 0.353848 0.163506 0.0145878 0.1057
0 0.220559 0.150112 0.0125491 0.092681
0 0.258955 0.159091 0.0140161 0.102544
0 0.128822 0.172006 0.0187159 0.122814
0 0.741127 0.24476 0.034796 0.204933
0 0.331732 0.165138 0.0145813 0.110149
0 0.488081 0.179957 0.0169224 0.125945
0 0.036584 0.181663 0.0218 0.140852
0 0.178831 0.144821 0.012163 0.0886787
0 0.31135 0.163195 0.0150362 0.104943
0 0.196537 0.143955 0.012118 0.0862573
0 0.308317 0.162134 0.0142925 0.104806
0 0.290873 0.158355 0.0136261 0.0979908
0 0.279965 0.16983 0.0165496 0.11495
0 0.287868 0.157966 0.0139222 0.099795
0 0.493203 0.179825 0.0171885 0.124312
0 0.315598 0.162756 0.0141141 0.106259
0 0.29557 0.156293 0.0132726 0.09578
0 0.182852 0.144784 0.012595 0.0870667
0 0.192785 0.143529 0.0124777 0.0851878
0 0.496753 0.179943 0.0163994 0.124401
0 0.261655 0.157994 0.0143216 0.0994813
0 0.303957 0.161577 0.0145909 0.102008
0 0.283359 0.162212 0.0145566 0.105891
