0 0.852628 0.335732 0.0596235 0.323366
0 0.135376 0.295194 0.0435331 0.288853
0 0.664108 0.374626 0.0619294 0.386996
0 0.560539 0.376385 0.0574508 0.371909
0 0.465666 0.216743 0.0234743 0.172511
0 0.747897 0.376929 0.0672398 0.392142
0 0.827809 0.315121 0.05355 0.303432
0 0.341991 0.224193 0.0261909 0.187338
0 0.015303 0.260334 0.0306061 0.244588
0 0.143064 0.236987 0.0309598 0.214345
0 0.231554 0.170937 0.0169119 0.122983
0 0.428466 0.222067 0.0237134 0.180165
0 0.409218 0.228494 0.0262438 0.191068
0 0.207318 0.150808 0.0131485 0.0934948
0 0.172475 0.160509 0.0149783 0.107938
0 0.186341 0.160365 0.0157349 0.109718
0 0.281736 0.155833 0.0137229 0.0966697
0 0.279027 0.15795 0.0139953 0.10115
0 0.656564 0.276031 0.0412996 0.251566
0 0.380471 0.2066 0.0228107 0.160229
0 0.397559 0.160768 0.0133587 0.102129
0 0.384455 0.215084 0.0236647 0.171889
0 0.361672 0.164582 0.0143611 0.106112
0 0.169779 0.159972 0.0154442 0.108129
0 0.166174 0.158959 0.0157346 0.107355
0 0.766521 0.293634 0.047575 0.272359
0 0.395172 0.160559 0.0133986 0.100868
0 0.431518 0.190694 0.0200383 0.133801
0 0.427294 0.178692 0.0170795 0.123841
0 0.713935 0.274351 0.0425879 0.244903
0 0.706686 0.27482 0.041396 0.248446
0 0.400553 0.160423 0.0136487 0.101013
0 0.413559 0.198295 0.0207033 0.147805
0 0.35939 0.162102 0.0142346 0.104353
0 0.284294 0.157183 0.0137568 0.0988358
0 0.129332 0.151005 0.0142325 0.0982347
0 0.183476 0.161531 0.0157093 0.108471
0 0.204729 0.150893 0.0135409 0.094414
0 0.673532 0.260863 0.0371289 0.23498
0 0.394167 0.176723 0.0191781 0.116895
0 0.391455 0.21316 0.024036 0.167864
0 0.179518 0.158396 0.0150558 0.10576
0 0.413686 0.220209 0.0235956 0.180115
0 0.694187 0.278055 0.0428112 0.254108
0 0.416928 0.190217 0.0182034 0.141692
