0 0.728174 0.290769 0.0451269 0.266492
0 0.658284 0.291461 0.0452881 0.271829
0 0.137188 0.190862 0.0216696 0.148392
0 0.30064 0.210435 0.0232187 0.168716
0 0.79789 0.30746 0.0501976 0.290202
0 0.382881 0.216186 0.0238046 0.173878
0 0.411913 0.230812 0.0260409 0.194159
0 0.367097 0.2248 0.0264212 0.187382
0 0.334768 0.163394 0.0143916 0.106724
0 0.522231 0.185056 0.0187086 0.131769
0 0.403066 0.195003 0.0199109 0.148923
0 0.331837 0.16169 0.0141752 0.106736
0 0.44314 0.204323 0.0220277 0.156343
0 0.437025 0.21422 0.0223829 0.173379
0 0.287248 0.168549 0.0161185 0.115507
0 0.432899 0.216678 0.0223597 0.175497
0 0.403043 0.164939 0.0146957 0.103827
0 0.377479 0.217124 0.0238334 0.174098
0 0.421685 0.175564 0.0169898 0.117104
0 0.419603 0.168061 0.0150415 0.10855
0 0.420147 0.197279 0.0203045 0.154475
0 0.28409 0.165875 0.0156801 0.113523
0 0.366482 0.198968 0.020435 0.153542
0 0.29081 0.163426 0.0150062 0.10694
0 0.426825 0.20723 0.0220175 0.164405
0 0.372688 0.22424 0.02487 0.187143
0 0.518673 0.185403 0.0183958 0.132195
0 0.41046 0.194555 0.0191853 0.148385
