0 0.757573 0.295795 0.0471222 0.270353
0 0.299771 0.207287 0.0230315 0.166468
0 0.195661 0.289768 0.0400304 0.278006
0 0.682316 0.291021 0.0441223 0.269137
0 0.913673 0.273629 0.0450344 0.240847
0 0.147032 0.229677 0.0297383 0.191535
0 0.412116 0.23205 0.0265054 0.196524
0 0.0153707 0.260457 0.0307413 0.243787
0 0.213554 0.230899 0.0290858 0.201178
0 0.433249 0.218654 0.0227373 0.176574
0 0.257515 0.152146 0.0132325 0.0924939
0 0.364689 0.227001 0.0263766 0.188066
0 0.384047 0.216455 0.0241316 0.172489
0 0.586256 0.193337 0.0212734 0.140076
0 0.28338 0.160176 0.0144666 0.1036
0 0.280336 0.158385 0.013929 0.100576
0 0.42716 0.166767 0.015432 0.10811
0 0.369633 0.225206 0.0253708 0.187768
0 0.0109323 0.259291 0.0217009 0.247106
0 0.400948 0.160535 0.0135683 0.0979124
0 0.296128 0.163128 0.0159806 0.109399
0 0.402332 0.192364 0.0187827 0.149117
0 0.405505 0.196013 0.0210416 0.150521
0 0.424214 0.164462 0.0143036 0.105021
0 0.398711 0.193819 0.0190447 0.145476
0 0.292359 0.159707 0.0143292 0.101772
