0 0.186663 0.293603 0.0419391 0.282604
0 0.304297 0.207121 0.0226384 0.164503
0 0.55038 0.226327 0.0270468 0.187521
0 0.414261 0.228928 0.0255342 0.19177
0 0.916026 0.274883 0.0438625 0.241058
0 0.808932 0.308514 0.0492628 0.291106
0 0.0148403 0.261687 0.0296806 0.2441
0 0.853714 0.307126 0.0508553 0.287413
0 0.138773 0.182691 0.0197044 0.131615
0 0.267459 0.162375 0.0150754 0.107775
0 0.585546 0.192281 0.0210667 0.139794
0 0.334452 0.160994 0.0141989 0.105021
0 0.436761 0.21677 0.0221882 0.174869
0 0.507436 0.240448 0.0284216 0.204059
0 0.385706 0.213604 0.0224816 0.166516
0 0.19817 0.148312 0.0130391 0.0908996
0 0.36379 0.226625 0.026053 0.1886
0 0.396758 0.160867 0.0130855 0.102303
0 0.195759 0.146983 0.012069 0.0911893
0 0.450394 0.179812 0.0170263 0.121845
0 0.0918849 0.145598 0.0135369 0.0914827
0 0.0103927 0.260814 0.0204993 0.244498
0 0.226776 0.147948 0.0122531 0.0896983
0 0.360399 0.161566 0.013914 0.103814
0 0.514971 0.240329 0.0293685 0.202237
0 0.410667 0.193994 0.0185818 0.145194
0 0.414151 0.194233 0.0191216 0.143659
0 0.864042 0.275295 0.0444757 0.24038
0 0.431894 0.208064 0.0224453 0.162735
0 0.369513 0.225192 0.0254396 0.187965
0 0.422519 0.186441 0.017757 0.136232
0 0.545669 0.225874 0.0269253 0.18731
0 0.220861 0.147974 0.012381 0.090115
0 0.432219 0.173541 0.0160583 0.115815
0 0.445607 0.176407 0.0165854 0.119316
0 0.223032 0.148283 0.0124069 0.0897906
0 0.169173 0.199207 0.0226634 0.154845
