0 0.853062 0.349917 0.0610893 0.352844
0 0.761468 0.342513 0.0596298 0.344459
0 0.675838 0.346799 0.057046 0.357402
0 0.363407 0.256998 0.0311795 0.23259
0 0.963966 0.301878 0.0512154 0.273707
0 0.795843 0.28679 0.046501 0.264713
0 0.188917 0.194874 0.0211775 0.151963
0 0.411667 0.252112 0.0297483 0.217036
0 0.209531 0.15969 0.0150104 0.105557
0 0.273645 0.159025 0.0138238 0.102582
0 0.0718902 0.159009 0.0156661 0.106529
0 0.144977 0.19057 0.0212152 0.144101
0 0.105154 0.160257 0.0158996 0.106035
0 0.302057 0.169544 0.0160533 0.114459
0 0.246468 0.160406 0.0147874 0.107092
0 0.0154903 0.306952 0.0309806 0.309834
0 0.385707 0.170381 0.0151563 0.111009
0 0.42405 0.172496 0.0169853 0.114581
0 0.0105014 0.309014 0.0210029 0.304487
0 0.230951 0.157793 0.01408 0.102605
0 0.369782 0.164673 0.0144266 0.104595
0 0.0357604 0.170335 0.0191508 0.124785
0 0.130104 0.164633 0.0158886 0.114786
0 0.424099 0.194826 0.0193778 0.149034
0 0.388557 0.169133 0.0148339 0.110418
0 0.345256 0.162823 0.0143841 0.102508
0 0.127637 0.159695 0.0152835 0.108223
0 0.27605 0.158841 0.0142093 0.100122
0 0.366257 0.166517 0.0149826 0.106799
0 0.426086 0.165394 0.0151072 0.104972
0 0.341338 0.162888 0.0138475 0.102052
0 0.00681521 0.313243 0.0136304 0.300304
0 0.184844 0.156487 0.0145439 0.103852
0 0.378316 0.173641 0.0166326 0.112378
0 0.30492 0.166387 0.0149091 0.111148
0 0.206765 0.15933 0.0148495 0.106164
0 0.382782 0.165949 0.0146544 0.105206
0 0.298943 0.167186 0.0153086 0.112577
0 0.181098 0.155916 0.0143843 0.102959
0 0.35321 0.159542 0.0133217 0.0966295
0 0.380408 0.161266 0.0135626 0.0982831
0 0.0398501 0.167054 0.0169692 0.120151
