0 0.300798 0.208778 0.0229021 0.168837
0 0.103941 0.250072 0.0341604 0.226461
0 0.411897 0.229964 0.0254635 0.194867
0 0.430442 0.216257 0.0227507 0.178365
0 0.364595 0.225628 0.0256179 0.18848
0 0.974005 0.525187 0.051729 0.559767
0 0.462432 0.174864 0.0161695 0.12078
0 0.263094 0.155989 0.0141899 0.100841
0 0.566047 0.198627 0.0222231 0.147815
0 0.356919 0.189343 0.0200419 0.140351
0 0.0325117 0.184751 0.0215266 0.137547
0 0.380755 0.216403 0.0235645 0.176617
0 0.582793 0.199531 0.0222613 0.148848
0 0.245546 0.152146 0.0131871 0.0938772
0 0.394472 0.197133 0.020766 0.15037
0 0.370171 0.225087 0.0253017 0.189618
0 0.359915 0.193403 0.019165 0.144168
0 0.388542 0.202729 0.0210564 0.156816
0 0.467832 0.17528 0.0163832 0.117969
0 0.162738 0.14812 0.013112 0.0914572
0 0.265542 0.154586 0.0140654 0.0972608
0 0.426958 0.171643 0.0171515 0.117271
0 0.422914 0.179792 0.0176826 0.12917
0 0.243011 0.150895 0.01351 0.0947268
0 0.358809 0.17286 0.0156385 0.120678
