0 0.0384527 0.372985 0.0632315 0.395126
0 0.300856 0.210068 0.0224794 0.165893
0 0.188526 0.239002 0.0308309 0.213998
0 0.813108 0.282471 0.0455666 0.259478
0 0.750013 0.278746 0.0424481 0.25053
0 0.135463 0.224602 0.0282747 0.193022
0 0.40586 0.250274 0.0296508 0.220834
0 0.0886097 0.225752 0.0288443 0.194279
0 0.571699 0.207356 0.0233356 0.157238
0 0.236407 0.240616 0.0306812 0.214822
0 0.438608 0.235916 0.0269232 0.198581
0 0.883606 0.266955 0.0424442 0.231306
0 0.366901 0.224322 0.0260405 0.187265
0 0.465582 0.170497 0.0152727 0.112896
0 0.34387 0.189146 0.0199413 0.14018
0 0.346902 0.202263 0.0213618 0.158202
0 0.426848 0.228045 0.0249601 0.191304
0 0.785623 0.257437 0.0390877 0.21937
0 0.382893 0.217278 0.0240945 0.175819
0 0.46852 0.168954 0.0153494 0.112432
0 0.433984 0.170191 0.0156681 0.113045
0 0.430783 0.169633 0.0150461 0.114483
0 0.391992 0.174165 0.0172094 0.117393
0 0.38865 0.172199 0.0159383 0.116144
0 0.346032 0.163785 0.0144252 0.105153
0 0.432091 0.231176 0.0254289 0.198296
0 0.389172 0.215247 0.0236154 0.179767
0 0.394186 0.182027 0.0191272 0.127349
0 0.413912 0.175283 0.0163504 0.122851
0 0.372374 0.166581 0.014883 0.108776
0 0.422455 0.228294 0.0255732 0.188815
0 0.343307 0.169159 0.0150497 0.114068
0 0.418868 0.171594 0.0162301 0.118973
0 0.376552 0.166705 0.0150906 0.108515
0 0.421705 0.170535 0.0156912 0.115884
