0 0.072114 0.190907 0.0217563 0.148523
0 0.409343 0.197198 0.0195867 0.147962
0 0.685949 0.22574 0.0295193 0.179296
0 0.0400945 0.298299 0.0447137 0.296038
0 0.272177 0.155423 0.0136524 0.0973999
0 0.293041 0.165823 0.0150656 0.10847
0 0.394282 0.171351 0.0153868 0.114556
0 0.123079 0.187845 0.0204659 0.142659
0 0.0834152 0.166766 0.0165739 0.117847
0 0.222687 0.149769 0.0127754 0.09234
0 0.355868 0.163595 0.0140832 0.104015
0 0.239458 0.150412 0.0129882 0.0918861
0 0.171003 0.150352 0.0129852 0.0945336
0 0.33469 0.166239 0.0146416 0.10817
0 0.0682429 0.190108 0.0219077 0.147359
0 0.31106 0.162147 0.0143897 0.102503
0 0.329865 0.167978 0.014966 0.112357
0 0.0241787 0.256134 0.0366772 0.232599
0 0.404924 0.166687 0.0143523 0.109642
0 0.148317 0.149953 0.0134677 0.0943043
0 0.242469 0.14885 0.0126608 0.0905531
0 0.402271 0.167023 0.0151064 0.109421
0 0.358527 0.163417 0.0142258 0.101999
0 0.364114 0.163069 0.0139458 0.103369
0 0.30512 0.160447 0.0137728 0.100717
0 0.0801397 0.163078 0.0166825 0.11404
0 0.295676 0.16067 0.0144396 0.102842
0 0.28962 0.16629 0.0155092 0.1091
0 0.0748309 0.181659 0.0205882 0.138395
0 0.369674 0.162844 0.0135073 0.102741
0 0.317625 0.162503 0.0141691 0.101087
0 0.150829 0.150436 0.0138961 0.094226
0 0.0162736 0.254801 0.0324465 0.233915
0 0.176946 0.14482 0.0128084 0.0869555
0 0.314403 0.162291 0.0144507 0.102445
0 0.320612 0.161784 0.0137389 0.0997517
