0 0.858945 0.616254 0.128664 0.707462
0 0.194726 0.290301 0.0405313 0.282125
0 0.515881 0.571593 0.0997879 0.637431
0 0.300184 0.207973 0.0229943 0.166317
0 0.264887 0.17867 0.0180346 0.126419
0 0.418457 0.229657 0.0258137 0.193765
0 0.772535 0.271298 0.0418089 0.239932
0 0.435456 0.217029 0.0226389 0.174594
0 0.328284 0.16399 0.0146742 0.108234
0 0.197855 0.163432 0.0168674 0.104672
0 0.581459 0.193797 0.0208975 0.138053
0 0.363157 0.226114 0.0253479 0.187335
0 0.233709 0.15051 0.0129449 0.0908088
0 0.158213 0.147597 0.0134531 0.093338
0 0.0106634 0.261276 0.0210741 0.242082
0 0.281316 0.160597 0.0143621 0.105617
0 0.469184 0.172962 0.0155009 0.117388
0 0.405225 0.196019 0.019985 0.149022
0 0.38298 0.218482 0.0253156 0.175589
0 0.916334 0.271601 0.0457081 0.246
0 0.19702 0.151453 0.0140306 0.0939824
0 0.19418 0.148089 0.0128242 0.090701
0 0.248933 0.151652 0.013141 0.0935859
0 0.177364 0.148371 0.0131973 0.0908879
0 0.297494 0.160116 0.0142781 0.102435
0 0.251786 0.151518 0.0131917 0.0921521
0 0.401608 0.193059 0.0197405 0.144139
0 0.263079 0.153858 0.0131801 0.095716
0 0.284241 0.159215 0.0138724 0.10172
0 0.388189 0.216462 0.0242939 0.171721
