0 0.7278 0.313449 0.0702818 0.309887
0 0.498616 0.337932 0.0564976 0.340319
0 0.682932 0.286601 0.061299 0.297211
0 0.464286 0.292631 0.0470752 0.312347
0 0.832796 0.283014 0.0721046 0.29483
0 0.541035 0.233287 0.0478242 0.271189
0 0.767594 0.229705 0.0560699 0.254034
0 0.721087 0.587147 0.118718 0.462031
0 0.381103 0.328938 0.0463788 0.350591
0 0.199055 0.297824 0.048262 0.328313
0 0.788551 0.72598 0.143261 0.54804
0 0.30081 0.310923 0.0445974 0.335024
0 0.369065 0.275826 0.0395103 0.306773
0 0.108592 0.255412 0.0515841 0.317233
0 0.146087 0.170451 0.0380207 0.269539
0 0.6947 0.129342 0.0378483 0.197949
