0 0.776371 0.330884 0.0752123 0.319872
0 0.501033 0.338391 0.0538984 0.335641
0 0.45912 0.290496 0.0480192 0.315059
0 0.560684 0.234989 0.0472743 0.273387
0 0.393995 0.329881 0.0468988 0.340623
0 0.180656 0.119081 0.0333593 0.224595
0 0.965841 0.622962 0.0683178 0.504014
0 0.476271 0.155677 0.0359428 0.227602
0 0.986215 0.115205 0.0274891 0.174409
0 0.355739 0.275715 0.0410975 0.311673
0 0.253982 0.316668 0.0481801 0.340056
0 0.977227 0.619074 0.0450092 0.505895
0 0.363761 0.276835 0.0406589 0.318393
