0 0.783503 0.333007 0.0768829 0.317593
0 0.581569 0.314412 0.0585854 0.319842
0 0.974882 0.284536 0.0502353 0.272422
0 0.918705 0.284275 0.07675 0.286498
0 0.462553 0.378709 0.0588929 0.367395
0 0.395038 0.330619 0.0475665 0.349234
0 0.180098 0.119819 0.0325004 0.219546
0 0.397932 0.262127 0.0403971 0.305093
0 0.4698 0.285206 0.0482277 0.311531
0 0.308541 0.304047 0.0442961 0.332098
0 0.294435 0.714885 0.0913116 0.567382
0 0.0389043 0.824444 0.0773832 0.351112
0 0.311133 0.715746 0.0933507 0.556454
0 0.341013 0.774199 0.10268 0.451364
0 0.363597 0.768488 0.112625 0.463024
