0 0.784819 0.335253 0.0758842 0.316429
0 0.579605 0.313195 0.057626 0.319477
0 0.46633 0.377203 0.0602884 0.372238
0 0.739172 0.160283 0.0477552 0.208464
0 0.96673 0.190784 0.0590717 0.231894
0 0.379617 0.320432 0.0465165 0.33797
0 0.473519 0.283725 0.0476803 0.315944
0 0.383682 0.630854 0.0785021 0.530605
0 0.260588 0.558498 0.0774319 0.499804
0 0.38894 0.264871 0.0416496 0.302775
0 0.180801 0.119239 0.0325839 0.222291
0 0.305165 0.310791 0.047198 0.344923
0 0.987688 0.218094 0.024624 0.233128
0 0.299961 0.132817 0.0294617 0.218796
