0 0.498072 0.337896 0.0569832 0.343995
0 0.775179 0.332559 0.0742112 0.317495
0 0.561521 0.235592 0.0483974 0.274698
0 0.461937 0.290885 0.0475587 0.312439
0 0.393557 0.329999 0.0466662 0.34237
0 0.273277 0.438117 0.0628141 0.432601
0 0.864202 0.167489 0.0498396 0.207422
0 0.134705 0.376819 0.0587468 0.403537
0 0.198153 0.375926 0.0560586 0.383468
0 0.15506 0.123642 0.0339584 0.227693
0 0.808707 0.155833 0.04539 0.201834
0 0.352205 0.276501 0.0402654 0.313214
0 0.302045 0.309425 0.0448698 0.345903
