0 0.499766 0.336698 0.0551546 0.341212
0 0.464396 0.292804 0.0452572 0.312
0 0.685343 0.28466 0.0611273 0.293761
0 0.797824 0.250909 0.0617128 0.262284
0 0.540756 0.234685 0.0464329 0.268008
0 0.884755 0.3183 0.0852051 0.310711
0 0.735454 0.315188 0.0739531 0.312147
0 0.380711 0.329621 0.0457545 0.350349
0 0.717678 0.598931 0.119182 0.477313
0 0.299459 0.309328 0.0446099 0.338863
0 0.196367 0.306011 0.0504279 0.343253
0 0.36616 0.27041 0.0409334 0.312161
0 0.0992025 0.268284 0.0524884 0.331172
0 0.166588 0.192628 0.0395216 0.272473
0 0.211361 0.172787 0.0366369 0.264188
0 0.34624 0.140606 0.0322331 0.239507
0 0.896287 0.728781 0.168163 0.542438
0 0.373689 0.273724 0.0428477 0.32053
