0 0.502142 0.341816 0.0551403 0.346526
0 0.771883 0.328723 0.0754132 0.318522
0 0.449859 0.292969 0.0475983 0.314939
0 0.551472 0.233054 0.0463186 0.271337
0 0.972643 0.438869 0.0547146 0.376161
0 0.390373 0.328659 0.0464011 0.344251
0 0.178756 0.119561 0.0330563 0.222693
0 0.66942 0.137645 0.0398413 0.203664
0 0.356161 0.271187 0.0397756 0.315737
0 0.654026 0.127206 0.036589 0.193394
0 0.276405 0.303962 0.0450605 0.336394
0 0.265693 0.30815 0.0452276 0.334597
0 0.364505 0.272558 0.0418753 0.318424
0 0.255511 0.312053 0.0466221 0.333489
0 0.661237 0.133235 0.0396755 0.206407
