0 0.784402 0.3337 0.0768849 0.318966
0 0.579907 0.314566 0.0596745 0.316905
0 0.476711 0.372778 0.0573333 0.359742
0 0.938748 0.454554 0.106926 0.39914
0 0.534056 0.255381 0.0504629 0.284848
0 0.409195 0.334374 0.0479609 0.341119
0 0.972622 0.311456 0.0543219 0.31871
0 0.188222 0.120382 0.031731 0.218549
0 0.316352 0.311279 0.0435654 0.330328
0 0.392379 0.26508 0.0383747 0.298193
0 0.208707 0.821458 0.127361 0.357084
0 0.533813 0.780063 0.11376 0.439248
0 0.383149 0.262185 0.0390079 0.302313
0 0.982343 0.410676 0.0353138 0.32142
