0 0.728588 0.326493 0.0744682 0.322009
0 0.498418 0.336452 0.0555245 0.338904
0 0.461341 0.290581 0.0473394 0.313631
0 0.794042 0.304819 0.0703955 0.301546
0 0.539177 0.234232 0.0462231 0.269285
0 0.394029 0.330342 0.0463981 0.344068
0 0.911881 0.161414 0.052313 0.204903
0 0.226654 0.305759 0.0488187 0.33224
0 0.371457 0.273869 0.0389359 0.310685
0 0.212137 0.597483 0.079999 0.526148
0 0.36401 0.276222 0.0389932 0.313049
0 0.13352 0.739219 0.113664 0.521561
0 0.306817 0.656449 0.0789638 0.51715
0 0.197635 0.574664 0.0827432 0.510989
0 0.37971 0.27018 0.0399331 0.310366
0 0.11306 0.733261 0.113627 0.533479
